Number,Nat,Player,PlayerID,Special,Stat,Age,Since,TSI,LS,XP,Fo,Stm,Lo,MB,KP,DF,PM,WI,PS,SC,SP,Psico,Last,Rt,Pos,Wage,G,TC,PH,KPPos,WBPos,CDPos,WPos,IMPos,FWPos
1,Hanguk,Jong-Kyung Ji,429263806,Head,,24.49,2시즌 13주 1일,2500,2,4,8,8,20,TRUE,6,4,1,1,1,1,5,647,2018-06-24,4.5,KP,990000,0,,,7.64,4.98,5.11,3.81,3.61,3.27
2,Hanguk,Soon Jung,429263807,,,30.26,2시즌 13주 1일,110,7,6,5,6,20,TRUE,5,6,1,1,3,1,3,602,2018-06-20,3.5,KP,680000,0,,,6.08,4.99,5.16,3.59,3.35,3
7,Hanguk,Ang-Ri Choi,429263812,Powerful 있음,,34.48,2시즌 13주 1일,170,2,6,7,5,20,TRUE,2,7,5,4,5,2,5,680,2018-06-24,3.5,FW,310000,16,,,5.27,7.49,7.73,6.77,6.74,5.44
9,Hanguk,Seung-Min Lee,429263815,Quick,,22.17,2시즌 13주 1일,8830,3,3,8,8,20,TRUE,1,10,6,3,6,2,6,1002,2018-06-24,5.5,IM,1330000,1,,,5.67,9.75,10.49,8.13,8.35,6.04
10,Hanguk,Jung-Jae Lee,429263816,Unpredictable,,26.91,2시즌 13주 1일,4730,4,4,7,7,20,TRUE,1,9,7,2,3,2,4,905,2018-06-20,5.5,IM,770000,4,,,5.31,8.98,9.97,7.8,8.47,5.65
11,Hanguk,Ryung-Tae Kim,429263818,,Y×1,28.45,2시즌 13주 1일,2660,2,4,8,7,20,TRUE,2,8,6,3,5,3,5,803,2018-06-24,5.5,IM,530000,8,,,5.82,8.55,9.19,7.65,8.02,6.29
12,Hanguk,Jung-Eum Yun,429263819,Powerful 있음,,27.42,2시즌 13주 1일,1340,5,4,7,7,20,TRUE,1,5,7,3,5,3,4,706,2018-06-24,5,IM,410000,6,,,4.19,6.93,7.57,7.44,8.19,6.42
13,Hanguk,Hong-Woon Kim,429263820,Technical,Y×1,23.57,2시즌 13주 1일,8950,2,4,7,8,20,TRUE,1,9,6,6,5,3,4,988,2018-06-24,6.5,W,1110000,3,,,5.37,9.59,9.72,8.36,8.07,6.59
15,Hanguk,Bong-Joo Kim,429263823,,,24.103,2시즌 13주 1일,12260,4,4,8,8,20,TRUE,1,9,6,7,6,2,4,1009,2018-06-24,7,W,810000,6,,,5.56,10.12,10.06,8.96,8.41,6.7
16,Hanguk,Kil-Sung Park,429263824,,,21.53,2시즌 13주 1일,1840,5,2,7,8,20,TRUE,1,4,3,5,4,7,6,769,2018-06-20,6,FW,410000,14,,,3.6,5.6,5.27,5.34,5.03,6.65
17,Hanguk,Seung-Ok Lee,429263826,Technical,,36.2,2시즌 13주 1일,10,5,7,6,4,20,TRUE,0,2,3,2,2,5,5,490,2018-06-20,3.5,FW,250000,17,,,2.54,3.86,3.97,4.08,4.36,4.9
18,Hanguk,Min-Ho Ji,429263827,Unpredictable,,28.17,2시즌 13주 1일,1030,2,5,5,7,20,TRUE,1,4,5,3,6,6,3,612,2018-06-24,4.5,FW,310000,28,,,3.43,5.16,5.43,5.52,5.94,6.19
31,Česká republika,Leoš Broukal,397610518,Head,,29.111,2시즌 4주 0일,16460,3,7,8,6,17,FALSE,1,9,9,2,8,4,4,913,2018-06-20,6.5,IM,1860000,42,,,5.04,9.17,10.45,8.97,10.18,7.51
33,Hanguk,Dong-Hyeon Lee,431740152,,,19.58,2시즌 3주 0일,2780,5,2,6,7,20,TRUE,1,9,4,2,2,4,1,924,2018-06-20,4,CD,470000,4,,,4.54,7.31,7.84,5.4,5.47,4.64
43,Hanguk,Ji-Soo Kim,433466579,Technical,Y×1,19.66,1시즌 10주 0일,4970,3,2,7,7,20,TRUE,1,10,4,4,3,3,3,1004,2018-06-20,5,CD,670000,0,,,5.14,8.75,9,6.44,6.04,4.97
44,Hanguk,Sang-Yong Jang,433566477,,Y×1 Bru,20.33,1시즌 9주 0일,3110,2,2,5,7,20,TRUE,1,8,6,6,5,4,2,798,2018-06-17,3.5,WB,410000,3,,,3.71,6.82,6.89,6.16,6,5.21
46,Hanguk,Jung-Oh Han,433730490,Technical,Y×1,20.39,1시즌 7주 1일,2310,4,2,7,7,20,TRUE,1,8,3,5,1,3,3,854,2018-06-24,5,WB,450000,3,,,4.58,7.6,7.44,5.61,4.91,4.48
48,Hanguk,Jin-Taek Cho,433931826,Powerful 있음,,19.55,1시즌 5주 0일,1730,1,1,8,7,20,TRUE,1,7,5,4,2,4,5,755,2018-06-20,4,W,330000,0,,,4.05,7.13,7.4,6.09,6.12,5.23
54,Hanguk,Kwang-Hyun Seo,434869614,Unpredictable,,19.30,14주 0일,620,2,1,6,6,20,TRUE,1,5,5,4,5,4,2,514,2018-06-24,3,WB,250000,7,,,3.09,5.32,5.49,5.31,5.45,5.03
58,Hanguk,Yi-Sub Kang,435570656,,,19.61,10주 1일,880,5,1,6,6,20,TRUE,1,5,3,5,5,5,4,594,2018-06-20,3,WB,270000,0,,,2.98,4.92,4.67,4.45,4.07,4.8
59,Hanguk,Hyung-Hwa Jung,435660098,,Y×1,18.46,9주 1일,630,5,1,7,6,20,TRUE,1,6,4,3,5,2,6,634,2018-06-24,3.5,CD,250000,3,,,3.53,5.77,6.02,5.13,5.14,4.21
60,Hanguk,Chu-Seok Ahn,435761718,,Y×1 Inj 1,18.33,8주 0일,740,3,1,6,6,20,TRUE,1,4,5,3,3,7,5,699,2018-06-24,4.5,FW,350000,0,,,2.75,4.52,4.79,4.66,5.11,5.51
61,Schweiz,Francois Baumgartner,434542904,,,18.13,7주 6일,4850,5,2,6,7,8,FALSE,1,6,7,6,7,6,3,680,2018-06-24,3,CD,492000,3,,,2.78,6.06,6.19,6.39,6.59,6.26
63,Hellas,Damianos Yiannopoulos,377705560,Unpredictable,,35.0,7주 0일,8350,6,8,6,5,8,FALSE,1,9,13,11,5,4,14,1280,2018-06-20,6,W,4308000,90,,,3.83,9.31,9.47,9.95,10.18,7.29
64,Hanguk,Koo-Joong Kim,435928762,,,18.24,6주 1일,1280,3,1,7,6,20,TRUE,1,8,4,3,2,2,3,819,2018-06-24,4,CD,370000,1,,,4,6.74,7.07,5.16,5.04,3.74
66,Hanguk,Jong-Yong Yoo,436538587,Head,,17.32,2주 1일,70,3,1,6,5,20,TRUE,1,5,3,3,3,2,6,490,2018-06-20,2,CD,250000,0,,,2.86,4.42,4.49,3.8,3.67,3.2
98,Hanguk,Jung-Suk Kim,436711344,Powerful 있음,,18.51,1일,50,4,1,6,5,20,TRUE,1,3,2,5,1,3,6,504,,,,250000,0,,,2.36,3.56,3.16,3.23,2.72,3.15
99,Hanguk,In-Guh Park,429263805,,,43.57,2시즌 13주 1일,0,3,6,3,1,20,TRUE,0,0,0,0,0,0,0,340,,,,250000,0,,,0.97,0.97,0.97,0.97,0.97,0.97
