Number,Nat,Player,PlayerID,Special,Stat,Age,Since,TSI,LS,XP,Fo,Stm,Lo,MB,KP,DF,PM,WI,PS,SC,SP,Psico,Last,Rt,Pos,Wage,G,TC,PH,KPPos,WBPos,CDPos,WPos,IMPos,FWPos
1,Hanguk,Jong-Kyung Ji,429263806,Head,,24.95,3시즌 3주 4일,2500,2,4,8,8,20,TRUE,6,4,1,1,1,1,5,647,2018-08-05,4.5,KP,990000,0,,,7.64,4.98,5.11,3.81,3.61,3.27
2,Hanguk,Soon Jung,429263807,,,30.72,3시즌 3주 4일,160,7,6,8,6,20,TRUE,5,6,1,1,3,1,3,606,2018-08-08,4,KP,680000,0,,,7.39,6.07,6.27,4.37,4.07,3.65
7,Hanguk,Ang-Ri Choi,429263812,Powerful 있음,,34.94,3시즌 3주 4일,140,2,6,6,5,20,TRUE,2,7,5,4,5,2,5,680,2018-08-08,4.5,W,310000,16,,,4.89,6.94,7.17,6.28,6.25,5.04
9,Hanguk,Seung-Min Lee,429263815,Quick,,22.63,3시즌 3주 4일,7660,3,3,5,8,20,TRUE,1,10,6,3,6,2,6,1000,2018-08-05,4.5,IM,1330000,3,,,4.66,8.01,8.62,6.68,6.86,4.96
10,Hanguk,Jung-Jae Lee,429263816,Unpredictable,,27.25,3시즌 3주 4일,4790,4,4,6,7,20,TRUE,1,9,7,2,3,2,4,911,2018-08-08,5.5,IM,870000,4,,,4.93,8.33,9.25,7.23,7.86,5.24
11,Hanguk,Ryung-Tae Kim,429263818,,,28.91,3시즌 3주 4일,2360,2,4,5,7,20,TRUE,2,8,6,3,5,3,5,803,2018-08-08,4.5,IM,530000,8,,,4.77,7.01,7.54,6.27,6.57,5.16
12,Hanguk,Jung-Eum Yun,429263819,Powerful 있음,,27.88,3시즌 3주 4일,1300,5,4,6,7,20,TRUE,1,5,7,3,5,3,4,711,2018-08-05,5,IM,410000,10,,,3.89,6.43,7.02,6.9,7.6,5.95
13,Hanguk,Hong-Woon Kim,429263820,Technical,,23.103,3시즌 3주 4일,9160,2,4,6,8,20,TRUE,1,10,6,6,5,3,4,1005,2018-08-05,6,W,1110000,4,,,5.24,9.42,9.57,7.93,7.59,6.12
15,Hanguk,Bong-Joo Kim,429263823,,,25.37,3시즌 3주 4일,12650,4,4,8,7,20,TRUE,1,10,6,7,6,2,4,1057,2018-08-05,7,W,1350000,10,,,5.81,10.64,10.62,9.09,8.48,6.67
16,Hanguk,Kil-Sung Park,429263824,,,21.99,3시즌 3주 4일,1930,5,3,8,8,20,TRUE,1,5,3,5,4,7,6,737,2018-08-08,6,FW,410000,15,,,4.24,6.59,6.3,5.93,5.54,7.11
18,Hanguk,Min-Ho Ji,429263827,Unpredictable,,28.63,3시즌 3주 4일,1140,2,6,6,7,20,TRUE,1,4,5,3,6,6,3,612,2018-08-05,5.5,FW,310000,32,,,3.84,5.74,6.04,6.14,6.6,6.87
31,Česká republika,Leoš Broukal,397610518,Head,,30.45,2시즌 10주 3일,12180,3,7,6,6,18,FALSE,1,9,9,2,8,4,4,894,2018-08-08,6,IM,1740000,42,,,4.52,8.2,9.34,8.01,9.1,6.72
33,Hanguk,Dong-Hyeon Lee,431740152,,,19.104,2시즌 9주 3일,4610,5,2,6,7,20,TRUE,1,10,4,2,2,4,1,1006,2018-08-08,5,CD,470000,4,,,4.79,7.82,8.38,5.55,5.57,4.64
43,Hanguk,Ji-Soo Kim,433466579,Technical,,20.0,2시즌 3일,7650,3,2,7,7,20,TRUE,1,10,4,4,3,3,3,1073,2018-08-08,5.5,CD,1950000,0,,,5.16,8.78,9.03,6.46,6.06,4.99
44,Hanguk,Sang-Yong Jang,433566477,,,20.79,1시즌 15주 3일,5540,2,2,7,7,20,TRUE,1,8,6,6,5,4,2,859,2018-08-05,4.5,WB,410000,4,,,4.66,8.56,8.65,7.73,7.53,6.54
46,Hanguk,Jung-Oh Han,433730490,Technical,,20.85,1시즌 13주 4일,3880,4,2,6,7,20,TRUE,1,9,3,5,1,3,3,949,2018-08-05,5,WB,450000,3,,,4.57,7.68,7.57,5.46,4.74,4.23
48,Hanguk,Jin-Taek Cho,433931826,Powerful 있음,,19.101,1시즌 11주 3일,1700,1,1,6,7,20,TRUE,1,7,5,4,2,4,5,771,2018-08-08,4,W,330000,1,,,3.63,6.4,6.64,5.46,5.49,4.69
54,Hanguk,Kwang-Hyun Seo,434869614,Unpredictable,,19.76,1시즌 4주 3일,1220,2,1,7,7,20,TRUE,1,6,5,4,5,4,2,628,2018-08-08,3.5,WB,250000,9,,,3.65,6.37,6.59,5.99,6.09,5.52
58,Hanguk,Yi-Sub Kang,435570656,,Y×1,19.107,1시즌 4일,1510,5,1,6,6,20,TRUE,1,6,3,5,5,5,4,686,2018-08-08,3.5,WB,270000,0,,,3.31,5.54,5.33,4.73,4.29,4.94
59,Hanguk,Hyung-Hwa Jung,435660098,,,18.92,15주 4일,1340,5,2,7,6,20,TRUE,1,7,4,3,5,2,6,766,2018-08-08,4,CD,250000,3,,,4.24,6.81,7.11,5.79,5.74,4.68
60,Hanguk,Chu-Seok Ahn,435761718,,,18.79,14주 3일,1050,3,1,7,6,20,TRUE,1,4,5,3,3,7,5,709,2018-08-08,5,FW,350000,1,,,2.99,4.91,5.21,5.07,5.56,5.99
61,Schweiz,Francois Baumgartner,434542904,,,18.59,14주 2일,7230,5,2,7,7,11,FALSE,1,7,7,6,7,6,3,681,2018-08-05,4,CD,492000,4,,,3.44,7.25,7.43,7.24,7.4,6.93
63,Hellas,Damianos Yiannopoulos,377705560,Unpredictable,,35.46,13주 2일,8390,6,9,8,5,11,FALSE,1,9,12,11,4,3,14,1180,2018-08-08,7,W,4308000,91,,,4.41,10.24,10.29,10.61,10.63,7.46
64,Hanguk,Koo-Joong Kim,435928762,,,18.70,12주 4일,2650,3,1,8,6,20,TRUE,1,9,4,3,2,2,3,919,2018-08-05,5,CD,370000,3,,,4.54,7.74,8.13,5.67,5.49,3.99
67,Hanguk,Hae-Won Kim,437472967,,,18.90,1주 3일,1920,3,1,5,5,20,TRUE,1,8,3,3,6,5,3,801,2018-08-05,3.5,CD,470000,0,,,3.26,5.32,5.48,4.09,3.93,4.19
98,Hanguk,Bok-Keun Pyeong,437598879,Head,,18.54,3일,330,4,1,6,5,20,TRUE,1,5,5,3,4,3,4,551,,,,270000,0,,,2.8,4.68,4.98,4.58,4.84,4.03
99,Hanguk,In-Guh Park,429263805,,,43.103,3시즌 3주 4일,0,3,6,2,1,20,TRUE,0,0,0,0,0,0,0,240,,,,250000,0,,,0.77,0.77,0.77,0.77,0.77,0.77
