Number,Nat,Player,PlayerID,Special,Stat,Age,Since,TSI,LS,XP,Fo,Stm,Lo,MB,KP,DF,PM,WI,PS,SC,SP,Psico,Last,Rt,Pos,Wage,G,TC,PH,KPPos,WBPos,CDPos,WPos,IMPos,FWPos
1,Hanguk,Jong-Kyung Ji,429263806,Head,,23.38,1시즌 11주 3일,2300,2,3,6,8,20,TRUE,6,3,1,1,1,1,5,661,2018-02-18,4,KP,990000,0,,,6.43,3.8,3.88,3.1,2.98,2.78
2,Hanguk,Soon Jung,429263807,,,29.15,1시즌 11주 3일,80,7,5,5,7,20,TRUE,5,6,1,1,3,1,3,590,2018-02-21,3,KP,720000,0,,,6.07,4.97,5.14,3.56,3.31,2.96
3,Hanguk,Dong-Ho Lee,429263808,,,30.69,1시즌 11주 3일,460,4,5,7,6,20,TRUE,1,7,5,2,2,2,4,693,2018-02-21,4,W,310000,5,,,4.71,7.31,7.91,6.28,6.62,4.87
4,Hanguk,Sung-Bum Hyun,429263809,Technical,,19.107,1시즌 11주 3일,5220,2,2,5,7,20,TRUE,1,10,4,3,4,2,5,1030,2018-02-21,4.5,CD,730000,1,,,4.38,7.3,7.66,5.39,5.19,3.94
5,Hanguk,Pyung-Jae Song,429263810,Powerful 있음,,32.53,1시즌 11주 3일,400,3,6,8,6,20,TRUE,1,7,4,3,3,1,7,693,2018-02-21,4,W,350000,5,,,4.87,7.47,7.77,6.26,6.17,4.63
7,Hanguk,Ang-Ri Choi,429263812,Powerful 있음,,33.37,1시즌 11주 3일,470,2,5,7,6,20,TRUE,2,7,5,5,5,2,6,680,2018-02-18,5,W,320000,8,,,5.18,7.57,7.65,6.87,6.66,5.46
8,Hanguk,Min-Gyu Jung,429263814,,Inj 1,22.111,1시즌 11주 3일,2720,1,3,6,7,20,TRUE,1,8,6,4,4,2,5,829,2018-02-21,5,CD,330000,2,,,4.55,7.86,8.27,6.96,7.08,5.21
9,Hanguk,Seung-Min Lee,429263815,Quick,,21.6,1시즌 11주 3일,4310,3,2,6,7,20,TRUE,1,8,6,3,6,2,6,856,2018-02-21,4.5,CD,630000,0,,,4.34,7.47,8.05,6.72,7.03,5.18
10,Hanguk,Jung-Jae Lee,429263816,Unpredictable,,25.80,1시즌 11주 3일,4060,4,4,6,7,20,TRUE,1,8,7,2,3,2,4,884,2018-02-21,5,IM,570000,1,,,4.69,7.85,8.74,7.1,7.78,5.26
11,Hanguk,Ryung-Tae Kim,429263818,,,27.34,1시즌 11주 3일,2340,2,4,6,7,20,TRUE,2,7,6,3,5,3,5,772,2018-02-18,4.5,IM,490000,4,,,5.04,7.27,7.82,6.8,7.19,5.72
12,Hanguk,Jung-Eum Yun,429263819,Powerful 있음,,26.31,1시즌 11주 3일,1140,5,4,6,7,20,TRUE,1,4,7,3,5,3,4,721,2018-02-21,4.5,IM,410000,5,,,3.66,5.97,6.53,6.79,7.56,6
13,Hanguk,Hong-Woon Kim,429263820,Technical,,22.46,1시즌 11주 3일,4810,2,3,6,8,20,TRUE,1,8,6,6,5,3,4,852,2018-02-21,5.5,WB,470000,2,,,4.56,8.21,8.29,7.43,7.21,5.95
15,Hanguk,Bong-Joo Kim,429263823,,,23.92,1시즌 11주 3일,7080,4,3,7,8,20,TRUE,1,8,6,7,6,2,4,902,2018-02-21,5.5,WB,410000,5,,,4.93,9.06,8.96,8.32,7.85,6.31
16,Hanguk,Kil-Sung Park,429263824,,,20.42,1시즌 11주 3일,1530,5,2,7,7,20,TRUE,1,4,3,5,4,7,6,754,2018-02-21,5.5,FW,410000,12,,,3.55,5.52,5.2,5.27,4.96,6.56
17,Hanguk,Seung-Ok Lee,429263826,Technical,Y×1 Bru,34.103,1시즌 11주 3일,30,5,7,4,5,20,TRUE,1,2,3,3,3,6,5,590,2018-02-18,3.5,FW,290000,13,,,2.41,3.11,3.08,3.35,3.46,4.23
18,Hanguk,Min-Ho Ji,429263827,Unpredictable,,27.6,1시즌 11주 3일,1050,2,5,4,7,20,TRUE,1,3,5,3,6,6,3,653,2018-02-18,4,FW,310000,20,,,2.86,4.2,4.41,4.8,5.22,5.53
31,Česká republika,Leoš Broukal,397610518,Head,,28.100,1시즌 2주 3일,16660,3,6,6,7,12,FALSE,1,9,9,2,8,5,4,901,2018-02-18,6,IM,1980000,29,,,4.2,7.91,9.05,7.72,8.84,6.77
33,Hanguk,Dong-Hyeon Lee,431740152,,,18.47,1시즌 1주 2일,410,5,1,6,6,20,TRUE,1,6,4,2,2,4,1,640,2018-02-21,3,CD,250000,1,,,3.35,5.33,5.73,4.47,4.7,4.19
38,Hanguk,In-Ho Ryu,432215232,Quick,Y×1,19.47,12주 1일,120,2,1,7,6,20,TRUE,1,3,4,2,2,5,5,507,2018-02-21,3.5,FW,250000,3,,,2.68,3.95,4.24,4.1,4.55,4.65
43,Hanguk,Ji-Soo Kim,433466579,Technical,Bru,18.55,8주 3일,930,3,1,6,6,20,TRUE,1,7,4,4,3,3,3,745,2018-02-18,4,CD,310000,0,,,3.25,5.55,5.65,4.57,4.39,3.78
44,Hanguk,Sang-Yong Jang,433566477,,Y×1,19.22,7주 3일,1400,2,1,7,6,20,TRUE,1,4,6,6,5,4,2,646,2018-02-18,3.5,WB,330000,2,,,2.97,5.59,5.52,6.21,6.25,5.74
46,Hanguk,Jung-Oh Han,433730490,Technical,,19.28,5주 3일,210,4,1,3,5,20,TRUE,1,6,3,5,1,3,3,635,2018-02-18,1.5,CD,270000,0,,,2.19,3.67,3.53,2.93,2.58,2.45
48,Hanguk,Jin-Taek Cho,433931826,Powerful 있음,Y×1,18.44,3주 3일,300,1,1,6,5,20,TRUE,1,5,5,4,2,4,5,521,2018-02-18,2.5,WB,270000,0,,,2.93,5.05,5.21,4.82,4.94,4.39
49,Hanguk,Jong-Man Lee,434457332,Unpredictable,,17.45,1주 0일,100,5,1,6,5,20,TRUE,1,3,3,5,2,3,2,511,2018-02-18,2.5,W,250000,0,,,2.36,3.75,3.45,3.7,3.38,3.52
50,Hanguk,Cheon-Won Kong,434535551,Technical,,17.108,1일,390,5,1,6,5,20,TRUE,1,5,3,2,2,6,2,645,,,,290000,0,,,2.8,4.18,4.4,3.49,3.64,4.18
99,Hanguk,In-Guh Park,429263805,,,42.46,1시즌 11주 3일,0,4,6,3,1,20,TRUE,0,0,0,0,0,0,0,340,,,,250000,0,,,0.97,0.97,0.97,0.97,0.97,0.97
