Number,Nat,Player,PlayerID,Special,Stat,Age,Since,TSI,LS,XP,Fo,Stm,Lo,MB,KP,DF,PM,WI,PS,SC,SP,Psico,Last,Rt,Pos,Wage,G,TC,PH,KPPos,WBPos,CDPos,WPos,IMPos,FWPos
2,Hanguk,Jee-Hoon Kim,428709461,,,21.51,2시즌 10주 3일,24160,3,2,5,8,20,TRUE,12,5,1,1,1,2,8,1255,2018-04-25,6,KP,5450000,0,,,9.63,4.23,4.37,2.94,2.76,2.69
3,Hanguk,Eun-Seok Hong,427619235,,,31.76,3시즌 2주 3일,290,5,5,7,6,20,TRUE,1,6,6,3,2,1,7,606,2018-04-22,4,CD,290000,9,,,4.42,7.12,7.65,6.74,7.12,4.85
4,Hanguk,Ji-Woon Lee,427619236,,,21.92,3시즌 2주 3일,1150,5,3,6,8,20,TRUE,1,7,4,3,5,2,7,716,2018-04-22,4,CD,390000,22,,,4.32,6.81,7.09,5.82,5.77,4.74
6,Hanguk,Jae-Shin Cha,427619238,,,29.73,3시즌 2주 3일,990,5,5,8,6,20,TRUE,1,7,3,6,3,2,10,743,2018-04-25,5,WB,380000,12,,,4.93,7.94,7.55,6.47,5.59,5.14
8,Hanguk,Hong-Chan Son,427619240,,,24.21,3시즌 2주 3일,1160,5,3,6,7,20,TRUE,1,5,6,5,5,1,8,641,2018-04-25,4,WB,310000,1,,,3.81,6.53,6.66,6.79,6.86,5.13
9,Hanguk,Hoi-Taek Park,427619241,Unpredictable,,22.28,3시즌 2주 3일,1400,2,3,7,8,20,TRUE,1,5,6,3,6,3,10,622,2018-04-25,5,IM,330000,10,,,4.1,6.66,7.17,6.99,7.55,6.23
10,Hanguk,Kwang-Eul Jeon,427619242,,,26.27,3시즌 2주 3일,1690,4,4,7,7,20,TRUE,1,6,7,3,3,2,9,768,2018-04-22,5,IM,430000,8,,,4.5,7.53,8.22,7.49,8.15,5.77
11,Hanguk,Kwang-Hwan Yun,427619243,,,28.106,3시즌 2주 3일,810,6,4,7,7,20,TRUE,2,5,6,3,5,2,9,622,2018-04-25,4,W,330000,12,,,4.81,6.65,7.15,6.88,7.38,5.69
12,Hanguk,Chan-Myung Lee,427619244,,,28.3,3시즌 2주 3일,970,3,4,8,7,20,TRUE,1,3,7,3,4,3,8,738,2018-04-25,5,IM,410000,8,,,3.76,6.03,6.61,7.24,8.14,6.47
13,Hanguk,Sung-Kook Han,427619245,Technical,,23.103,3시즌 2주 3일,1590,2,3,7,8,20,TRUE,1,5,6,6,5,2,9,620,2018-04-22,5,W,330000,12,,,4.11,7.23,7.19,7.52,7.44,6.05
14,Hanguk,Se-Jong Cho,427619246,,,30.103,3시즌 2주 3일,570,4,5,7,6,20,TRUE,1,5,5,6,3,3,8,604,2018-04-25,4.5,WB,280000,18,,,4.19,6.96,6.78,6.81,6.54,5.84
15,Hanguk,Man-Ok Lee,427619247,Unpredictable,,25.44,3시즌 2주 3일,2230,5,4,7,7,20,TRUE,1,5,5,7,6,2,9,756,2018-04-25,5,W,350000,13,,,4.25,7.32,6.95,7.44,6.94,6.16
16,Hanguk,Dong-Shik Kim,427619248,,,21.38,3시즌 2주 3일,1720,6,3,8,7,20,TRUE,1,3,3,6,4,7,10,776,2018-04-22,6,FW,410000,22,,,3.65,5.61,5.05,5.75,5.29,7.19
18,Hanguk,Kwang-Rae Kim,427619250,Head,,28.110,3시즌 2주 3일,970,3,4,6,7,20,TRUE,1,2,5,3,6,6,7,614,2018-04-25,5,FW,310000,32,,,3.08,4.45,4.66,5.52,6.08,6.55
23,Belgium,Mathias Piron,428125893,Technical,,34.77,2시즌 13주 3일,90,6,6,7,5,19,FALSE,2,5,5,5,5,2,8,490,2018-04-22,4.5,W,324000,9,,,4.16,5.99,5.99,5.99,5.89,4.92
25,Polska,Pylyp Nagorniak,406205227,,,29.38,2시즌 13주 3일,1660,5,3,7,6,19,FALSE,1,6,6,3,6,3,9,664,2018-04-25,5,IM,432000,8,,,3.74,6.51,7.05,6.46,6.94,5.55
31,Hanguk,Se-Hee Park,430626797,,,20.85,2시즌 1주 3일,1330,4,2,7,7,20,TRUE,1,2,5,5,3,7,8,727,2018-04-22,5,FW,390000,18,,,3.03,4.91,4.79,5.87,6.11,7.03
34,Sverige,Axel Hermansson,422526443,,,30.60,1시즌 15주 2일,1640,5,5,7,6,16,FALSE,2,6,7,2,6,2,9,704,2018-04-22,4.5,IM,492000,10,,,4.45,6.55,7.39,6.75,7.59,5.36
38,Latvija,Artem Skurlatov,409641598,,,28.66,1시즌 11주 6일,2320,5,5,6,7,15,FALSE,1,8,6,3,4,3,4,804,2018-04-25,4,CD,732000,8,,,3.91,6.86,7.42,6,6.32,4.77
40,Perú,Matías Pichis,416567166,,,24.16,1시즌 11주 2일,9760,6,2,7,8,15,FALSE,1,10,8,2,4,4,6,1000,2018-04-25,5.5,CD,1764000,4,,,4.53,8.74,9.93,7.53,8.44,5.83
41,Deutschland,Reinold Kisch,413993877,,,25.20,1시즌 11주 2일,2780,5,2,8,7,15,FALSE,1,8,6,2,4,5,3,803,2018-04-25,4.5,CD,588000,11,,,3.98,7.19,8,6.18,6.82,5.64
48,Hanguk,Dong-Suk Lee,432205385,Technical,,19.99,1시즌 5주 2일,1140,6,1,7,6,20,TRUE,1,5,4,5,6,5,4,615,2018-04-22,5,FW,290000,4,,,3.14,5.38,5.25,5.21,5.02,5.46
52,Hanguk,Seong-Gong Choi,433454317,Unpredictable,,18.67,1시즌 1주 4일,5390,4,2,7,7,20,TRUE,1,7,7,7,4,5,4,778,2018-04-22,5,WB,550000,5,,,4.28,8.22,8.22,7.96,7.88,7.01
55,Hanguk,Geun-Ho Han,433728993,,Y×1,19.69,14주 4일,2070,3,1,7,6,20,TRUE,1,5,6,4,3,7,3,725,2018-04-25,4.5,FW,410000,4,,,3.31,5.92,6.22,5.99,6.45,6.5
58,Hanguk,Tae-Hwan Lee,434006765,,,17.97,11주 4일,9280,4,1,6,6,20,TRUE,9,1,1,1,1,1,4,946,2018-04-22,4,KP,950000,0,,,6.96,2.13,2.13,2.13,2.13,2.13
61,Oceania,Cedrick Williamson,430364099,Powerful 있음,,19.20,9주 2일,6000,3,2,7,6,9,FALSE,1,8,5,7,7,2,4,867,2018-04-22,4,WB,708000,1,,,3.54,7.31,7.08,6.41,5.76,4.74
65,Hanguk,Sang-Hyun Yun,434942107,,,17.95,4주 4일,2910,3,1,7,6,20,TRUE,1,6,5,4,7,4,2,785,2018-04-22,4.5,W,390000,0,,,3.47,6.05,6.26,5.85,5.95,5.53
69,Hanguk,Seon-Jae Choi,435656722,,,17.111,4일,150,4,0,6,5,20,TRUE,1,4,5,3,2,2,2,551,,,,270000,0,,,2.58,4.24,4.5,4.3,4.58,3.47
70,Hanguk,Min-Gyu Jung,429263814,,,23.61,1일,5460,1,3,6,8,2,FALSE,1,9,6,4,4,2,5,937,2018-04-18,5.5,CD,670000,2,,,3.54,7.1,7.56,5.85,5.91,3.94
99,Hanguk,Je-Min Jung,427619232,,,43.54,3시즌 2주 3일,0,3,8,3,1,20,TRUE,0,0,0,0,0,0,0,340,,,,250000,0,,,1.03,1.03,1.03,1.03,1.03,1.03
