Number,Nat,Player,PlayerID,Special,Stat,Age,Since,TSI,LS,XP,Fo,Stm,Lo,MB,KP,DF,PM,WI,PS,SC,SP,Psico,Last,Rt,Pos,Wage,G,TC,PH,KPPos,WBPos,CDPos,WPos,IMPos,FWPos
2,Hanguk,Jee-Hoon Kim,428709461,,,20.49,1시즌 10주 0일,12370,3,2,8,7,20,TRUE,9,5,1,1,1,2,8,975,2017-12-31,5.5,KP,1850000,0,,,9.48,5.07,5.24,3.53,3.31,3.23
3,Hanguk,Eun-Seok Hong,427619235,,,30.74,2시즌 2주 0일,390,5,5,7,6,20,TRUE,1,6,6,3,2,2,7,610,2017-12-31,4,CD,300000,6,,,4.41,7.1,7.63,6.72,7.14,5.21
4,Hanguk,Ji-Woon Lee,427619236,,,20.90,2시즌 2주 0일,1240,5,2,7,7,20,TRUE,1,7,4,3,5,2,7,738,2017-12-27,4.5,CD,390000,9,,,4.32,6.93,7.23,5.89,5.84,4.76
5,Hanguk,Jang-Soo Choi,427619237,Quick,,32.24,2시즌 2주 0일,120,5,5,8,6,20,TRUE,1,6,4,4,2,1,10,590,2017-12-27,4,CD,270000,3,,,4.49,6.98,7.06,6.08,5.85,4.48
6,Hanguk,Jae-Shin Cha,427619238,,,28.71,2시즌 2주 0일,860,5,5,4,7,20,TRUE,1,7,3,6,3,2,10,763,2017-12-24,3,WB,390000,8,,,3.63,5.85,5.56,4.77,4.12,3.79
7,Hanguk,In-Moo Byon,427619239,,,33.59,2시즌 2주 0일,190,1,6,6,5,20,TRUE,2,6,5,5,5,2,6,590,2017-12-31,3.5,WB,290000,5,,,4.52,6.43,6.47,6.12,5.98,4.99
8,Hanguk,Hong-Chan Son,427619240,,,23.19,2시즌 2주 0일,1060,5,3,5,8,20,TRUE,1,5,6,5,5,1,8,620,2017-12-27,3.5,WB,310000,1,,,3.48,5.97,6.09,6.21,6.27,4.69
9,Hanguk,Hoi-Taek Park,427619241,Unpredictable,,21.26,2시즌 2주 0일,1240,2,3,6,7,20,TRUE,1,5,6,3,6,3,10,637,2017-12-27,4,IM,330000,10,,,3.76,6.11,6.58,6.41,6.92,5.71
10,Hanguk,Kwang-Eul Jeon,427619242,,,25.25,2시즌 2주 0일,1590,4,4,7,7,20,TRUE,1,6,7,3,3,2,9,758,2017-12-31,4.5,IM,430000,6,,,4.51,7.55,8.24,7.51,8.17,5.78
11,Hanguk,Kwang-Hwan Yun,427619243,,,27.104,2시즌 2주 0일,880,6,4,6,7,20,TRUE,2,5,6,3,5,2,9,648,2017-12-27,4,IM,330000,10,,,4.46,6.17,6.63,6.38,6.85,5.28
12,Hanguk,Chan-Myung Lee,427619244,,,27.1,2시즌 2주 0일,1060,3,4,7,7,20,TRUE,1,3,7,3,4,3,8,755,2017-12-31,5,IM,410000,8,,,3.66,5.87,6.43,7.04,7.92,6.29
13,Hanguk,Sung-Kook Han,427619245,Technical,,22.101,2시즌 2주 0일,1410,2,3,6,8,20,TRUE,1,5,6,6,5,2,9,613,2017-12-27,4.5,W,330000,10,,,3.8,6.69,6.65,6.96,6.88,5.59
14,Hanguk,Se-Jong Cho,427619246,,,29.101,2시즌 2주 0일,720,4,5,6,6,20,TRUE,1,5,5,6,3,4,8,610,2017-12-27,4,WB,290000,18,,,3.92,6.52,6.36,6.38,6.16,5.83
15,Hanguk,Man-Ok Lee,427619247,Unpredictable,,24.42,2시즌 2주 0일,2040,5,4,5,8,20,TRUE,1,5,5,7,6,2,9,769,2017-12-27,4.5,W,350000,12,,,3.62,6.23,5.92,6.34,5.91,5.25
16,Hanguk,Dong-Shik Kim,427619248,,Y×1,20.36,2시즌 2주 0일,1660,6,2,7,7,20,TRUE,1,3,3,6,4,7,10,775,2017-12-31,6,FW,410000,21,,,3.28,5.17,4.62,5.3,4.86,6.69
17,Hanguk,Seung-Mee Kim,427619249,Unpredictable,,35.87,2시즌 2주 0일,20,2,6,6,5,20,TRUE,1,2,3,3,3,6,7,590,2017-12-31,3.5,FW,270000,22,,,2.93,3.8,3.76,4.1,4.24,5.19
18,Hanguk,Kwang-Rae Kim,427619250,Head,,27.108,2시즌 2주 0일,1250,3,4,7,7,20,TRUE,1,2,5,3,6,6,7,642,2017-12-27,5.5,FW,310000,20,,,3.37,4.86,5.1,6.03,6.65,7.16
21,Belgium,Jitse Haes,428112207,,,32.106,1시즌 13주 0일,550,4,5,7,5,15,FALSE,2,6,6,5,6,2,7,590,2017-12-31,4.5,W,372000,2,,,4.33,6.7,6.88,6.69,6.74,5.28
23,Belgium,Mathias Piron,428125893,Technical,,33.75,1시즌 13주 0일,310,6,5,7,5,15,FALSE,2,6,5,5,5,2,9,590,2017-12-31,4.5,W,360000,5,,,4.27,6.41,6.45,6.06,5.9,4.8
25,Polska,Pylyp Nagorniak,406205227,,,28.36,1시즌 12주 6일,1990,5,3,7,6,15,FALSE,1,6,7,3,6,3,9,706,2017-12-31,5,IM,444000,3,,,3.5,6.45,7.11,6.66,7.35,5.57
31,Hanguk,Se-Hee Park,430626797,,,19.83,1시즌 1주 0일,1260,4,2,7,7,20,TRUE,1,2,5,5,3,7,8,717,2017-12-27,5,FW,390000,9,,,2.94,4.76,4.64,5.69,5.93,6.83
34,Sverige,Axel Hermansson,422526443,,,29.58,14주 6일,1650,5,5,5,6,11,FALSE,2,7,7,2,6,2,9,701,2017-12-24,3.5,IM,516000,8,,,3.81,5.83,6.58,5.69,6.35,4.36
38,Latvija,Artem Skurlatov,409641598,,,27.64,11주 3일,2630,5,4,6,6,10,FALSE,1,8,6,3,4,3,4,841,2017-12-27,4,CD,732000,8,,,3.58,6.54,7.09,5.68,5.99,4.45
40,Perú,Matías Pichis,416567166,,,23.14,10주 6일,8690,6,1,6,7,10,FALSE,1,10,8,2,4,4,6,1000,2017-12-31,4.5,CD,1764000,4,,,3.56,7.4,8.48,6.29,7.13,4.74
41,Deutschland,Reinold Kisch,413993877,,,24.18,10주 6일,2090,5,2,5,7,10,FALSE,1,8,6,2,4,5,3,800,2017-12-31,3.5,CD,588000,10,,,3.05,5.69,6.36,4.86,5.38,4.42
45,Bulgaria,Ivan Petkov,430624598,,,18.94,7주 6일,13720,7,2,6,6,8,FALSE,10,3,1,1,1,1,7,1049,2017-12-27,4,KP,2148000,0,,,7.46,2.5,2.57,1.82,1.71,1.51
48,Hanguk,Dong-Suk Lee,432205385,Technical,,18.97,4주 6일,1030,6,1,6,5,20,TRUE,1,5,4,5,6,5,4,636,2017-12-24,4.5,FW,290000,0,,,2.8,4.8,4.69,4.65,4.48,4.87
52,Hanguk,Seong-Gong Choi,433454317,Unpredictable,,17.65,1주 1일,4500,4,1,6,5,20,TRUE,1,7,7,7,4,5,4,781,2017-12-31,4,WB,550000,0,,,3.35,6.72,6.72,6.5,6.43,5.68
99,Hanguk,Je-Min Jung,427619232,,,42.52,2시즌 2주 0일,0,3,8,2,1,20,TRUE,0,0,0,0,0,0,0,240,,,,250000,0,,,0.82,0.82,0.82,0.82,0.82,0.82
