Number,Nat,Player,PlayerID,Special,Stat,Age,Since,TSI,LS,XP,Fo,Stm,Lo,MB,KP,DF,PM,WI,PS,SC,SP,Psico,Last,Rt,Pos,Wage,G,TC,PH,KPPos,WBPos,CDPos,WPos,IMPos,FWPos
2,Hanguk,Jee-Hoon Kim,428709461,,,20.111,2시즌 3주 0일,20620,3,2,7,8,20,TRUE,11,5,1,1,1,2,8,1142,2018-02-28,6,KP,1850000,0,,,10.63,4.96,5.13,3.45,3.24,3.16
3,Hanguk,Eun-Seok Hong,427619235,,,31.24,2시즌 11주 0일,310,5,5,7,6,20,TRUE,1,6,6,3,2,1,7,607,2018-03-04,4,CD,290000,9,,,4.42,7.12,7.65,6.74,7.12,4.85
4,Hanguk,Ji-Woon Lee,427619236,,Y×1,21.40,2시즌 11주 0일,1270,5,2,8,7,20,TRUE,1,7,4,3,5,2,7,740,2018-03-04,4.5,CD,390000,11,,,4.55,7.3,7.62,6.2,6.15,5.02
5,Hanguk,Jang-Soo Choi,427619237,Quick,,32.86,2시즌 11주 0일,110,5,6,7,6,20,TRUE,1,6,4,4,2,1,10,590,2018-03-04,4,CD,270000,4,,,4.45,6.86,6.94,5.99,5.76,4.43
6,Hanguk,Jae-Shin Cha,427619238,,,29.21,2시즌 11주 0일,970,5,5,7,7,20,TRUE,1,7,3,6,3,2,10,729,2018-02-28,5,WB,380000,9,,,4.77,7.69,7.31,6.27,5.41,4.98
8,Hanguk,Hong-Chan Son,427619240,,Y×1,23.81,2시즌 11주 0일,1040,5,3,5,8,20,TRUE,1,5,6,5,5,1,8,616,2018-02-28,3.5,WB,310000,1,,,3.48,5.97,6.09,6.2,6.27,4.69
9,Hanguk,Hoi-Taek Park,427619241,Unpredictable,,21.88,2시즌 11주 0일,1290,2,3,6,7,20,TRUE,1,5,6,3,6,3,10,646,2018-02-28,4.5,IM,330000,10,,,3.79,6.16,6.63,6.46,6.98,5.76
10,Hanguk,Kwang-Eul Jeon,427619242,,Y×1,25.87,2시즌 11주 0일,1500,4,4,6,7,20,TRUE,1,6,7,3,3,2,9,756,2018-03-04,4.5,IM,430000,6,,,4.19,7.02,7.66,6.98,7.59,5.38
11,Hanguk,Kwang-Hwan Yun,427619243,,,28.54,2시즌 11주 0일,790,6,4,7,7,20,TRUE,2,5,6,3,5,2,9,618,2018-02-28,4,W,330000,10,,,4.81,6.65,7.15,6.88,7.38,5.69
12,Hanguk,Chan-Myung Lee,427619244,,,27.63,2시즌 11주 0일,1090,3,4,7,7,20,TRUE,1,3,7,3,4,3,8,759,2018-02-28,5,IM,410000,8,,,3.64,5.84,6.4,7,7.88,6.26
13,Hanguk,Sung-Kook Han,427619245,Technical,,23.51,2시즌 11주 0일,1560,2,3,7,8,20,TRUE,1,5,6,6,5,2,9,616,2018-03-04,5,W,330000,10,,,4.11,7.23,7.19,7.52,7.44,6.05
14,Hanguk,Se-Jong Cho,427619246,,,30.51,2시즌 11주 0일,600,4,5,7,6,20,TRUE,1,5,5,6,3,4,8,601,2018-02-28,4.5,WB,280000,18,,,4.19,6.96,6.78,6.81,6.57,6.22
15,Hanguk,Man-Ok Lee,427619247,Unpredictable,Y×1,24.104,2시즌 11주 0일,2410,5,4,8,8,20,TRUE,1,5,5,7,6,2,9,745,2018-02-28,5.5,W,350000,13,,,4.41,7.61,7.23,7.73,7.21,6.4
16,Hanguk,Dong-Shik Kim,427619248,,Y×1,20.98,2시즌 11주 0일,1520,6,2,6,7,20,TRUE,1,3,3,6,4,7,10,772,2018-03-04,5.5,FW,410000,21,,,3.07,4.83,4.32,4.96,4.54,6.24
18,Hanguk,Kwang-Rae Kim,427619250,Head,Y×1,28.58,2시즌 11주 0일,1050,3,4,7,7,20,TRUE,1,2,5,3,6,6,7,614,2018-02-28,5,FW,310000,30,,,3.34,4.83,5.06,5.99,6.6,7.1
21,Belgium,Jitse Haes,428112207,,,33.56,2시즌 5주 6일,220,4,5,4,5,17,FALSE,2,6,5,5,5,2,7,590,2018-02-25,3,W,348000,3,,,3.35,4.99,5.02,4.72,4.6,3.76
23,Belgium,Mathias Piron,428125893,Technical,,34.25,2시즌 5주 6일,130,6,6,8,5,17,FALSE,2,6,5,5,5,2,9,590,2018-03-04,4.5,W,324000,7,,,4.61,6.82,6.86,6.46,6.3,5.16
25,Polska,Pylyp Nagorniak,406205227,,,28.98,2시즌 5주 6일,1340,5,3,4,7,17,FALSE,1,6,7,3,6,3,9,700,2018-02-28,3.5,IM,444000,8,,,2.76,5.02,5.53,5.18,5.71,4.34
31,Hanguk,Se-Hee Park,430626797,,,20.33,1시즌 10주 0일,1080,4,2,5,7,20,TRUE,1,2,5,5,3,7,8,720,2018-03-04,4.5,FW,390000,12,,,2.53,4.1,4,4.9,5.11,5.88
34,Sverige,Axel Hermansson,422526443,,Y×1,30.8,1시즌 7주 6일,1520,5,5,6,6,14,FALSE,2,7,7,2,6,2,9,696,2018-03-04,4,IM,492000,8,,,4.29,6.48,7.29,6.33,7.05,4.89
38,Latvija,Artem Skurlatov,409641598,,,28.14,1시즌 4주 3일,2410,5,5,6,7,13,FALSE,1,8,6,3,4,3,4,807,2018-02-28,4.5,CD,732000,8,,,3.82,6.78,7.33,5.92,6.23,4.68
40,Perú,Matías Pichis,416567166,,,23.76,1시즌 3주 5일,10120,6,2,7,7,13,FALSE,1,10,8,2,4,4,6,1004,2018-02-28,5.5,CD,1764000,4,,,4.41,8.59,9.77,7.38,8.29,5.7
41,Deutschland,Reinold Kisch,413993877,,,24.80,1시즌 3주 5일,2680,5,2,7,7,13,FALSE,1,8,6,2,4,5,3,803,2018-02-28,4,CD,588000,10,,,3.75,6.85,7.64,5.88,6.49,5.36
48,Hanguk,Dong-Suk Lee,432205385,Technical,,19.47,13주 6일,1120,6,1,7,6,20,TRUE,1,5,4,5,6,5,4,614,2018-03-04,4.5,FW,290000,3,,,3.14,5.38,5.25,5.21,5.02,5.46
52,Hanguk,Seong-Gong Choi,433454317,Unpredictable,Y×2,18.15,10주 1일,5080,4,1,6,6,20,TRUE,1,7,7,7,4,5,4,790,2018-03-04,4.5,WB,550000,4,,,3.53,7.09,7.09,6.86,6.78,5.99
55,Hanguk,Geun-Ho Han,433728993,,,19.17,7주 0일,2050,3,1,7,5,20,TRUE,1,5,6,4,3,7,3,747,2018-02-28,4.5,FW,410000,1,,,3.18,5.69,5.99,5.77,6.21,6.25
58,Hanguk,Tae-Hwan Lee,434006765,,,17.45,4주 0일,4390,4,1,7,6,20,TRUE,7,1,1,1,1,1,4,761,2018-03-04,3.5,KP,950000,0,,,6,2.22,2.22,2.22,2.22,2.22
61,Oceania,Cedrick Williamson,430364099,Powerful 있음,,18.80,1주 6일,5880,3,2,7,6,4,FALSE,1,8,5,7,7,2,4,862,2018-03-04,4,WB,540000,0,,,3.2,6.85,6.63,5.99,5.35,4.37
62,Hanguk,Ki-Yong Lee,434668521,,,17.58,1일,120,6,1,6,5,20,TRUE,1,3,4,4,4,2,4,454,2018-03-04,3,W,270000,0,,,2.36,3.77,3.74,4.07,4.06,3.58
99,Hanguk,Je-Min Jung,427619232,,,43.2,2시즌 11주 0일,0,3,8,5,1,20,TRUE,0,0,0,0,0,0,0,540,,,,250000,0,,,1.35,1.35,1.35,1.35,1.35,1.35
