Number,Nat,Player,PlayerID,Special,Stat,Age,Since,TSI,LS,XP,Fo,Stm,Lo,MB,KP,DF,PM,WI,PS,SC,SP,Psico,Last,Rt,Pos,Wage,G,TC,PH,KPPos,WBPos,CDPos,WPos,IMPos,FWPos
1,Hanguk,Jong-Kyung Ji,429263806,Head,,23.47,1시즌 12주 6일,2320,2,3,7,8,20,TRUE,6,3,1,1,1,1,5,648,2018-02-25,4,KP,990000,0,,,6.94,4.1,4.18,3.34,3.22,2.99
2,Hanguk,Soon Jung,429263807,,,29.24,1시즌 12주 6일,90,7,5,5,7,20,TRUE,5,6,1,1,3,1,3,591,2018-02-28,3.5,KP,720000,0,,,6.06,4.96,5.13,3.55,3.3,2.95
3,Hanguk,Dong-Ho Lee,429263808,,,30.78,1시즌 12주 6일,470,4,5,7,6,20,TRUE,1,7,5,2,2,2,4,694,2018-02-28,4,W,310000,5,,,4.72,7.31,7.92,6.28,6.62,4.87
4,Hanguk,Sung-Bum Hyun,429263809,Technical,,20.4,1시즌 12주 6일,5740,2,2,5,7,20,TRUE,1,10,4,3,4,2,5,1047,2018-02-28,4,CD,1890000,1,,,4.38,7.3,7.66,5.39,5.19,3.94
5,Hanguk,Pyung-Jae Song,429263810,Powerful 있음,,32.62,1시즌 12주 6일,410,3,6,8,6,20,TRUE,1,7,4,3,3,1,7,694,2018-02-28,4.5,W,350000,5,,,4.86,7.45,7.75,6.25,6.16,4.62
7,Hanguk,Ang-Ri Choi,429263812,Powerful 있음,,33.46,1시즌 12주 6일,420,2,5,6,6,20,TRUE,2,7,5,5,5,2,6,680,2018-02-28,5,IM,320000,9,,,4.81,7.02,7.09,6.37,6.18,5.06
8,Hanguk,Min-Gyu Jung,429263814,,Bru,23.8,1시즌 12주 6일,3480,1,3,6,7,20,TRUE,1,8,6,4,4,2,5,872,2018-02-21,5,CD,670000,2,,,4.32,7.46,7.86,6.61,6.72,4.95
9,Hanguk,Seung-Min Lee,429263815,Quick,,21.15,1시즌 12주 6일,4800,3,2,6,7,20,TRUE,1,8,6,3,6,2,6,877,2018-02-28,4.5,CD,630000,0,,,4.35,7.48,8.07,6.74,7.05,5.19
10,Hanguk,Jung-Jae Lee,429263816,Unpredictable,,25.89,1시즌 12주 6일,4160,4,4,6,7,20,TRUE,1,8,7,2,3,2,4,888,2018-02-28,5,IM,570000,1,,,4.69,7.86,8.75,7.11,7.79,5.26
11,Hanguk,Ryung-Tae Kim,429263818,,,27.43,1시즌 12주 6일,2370,2,4,6,7,20,TRUE,2,7,6,3,5,3,5,774,2018-02-25,4.5,IM,490000,4,,,4.99,7.2,7.74,6.73,7.12,5.66
12,Hanguk,Jung-Eum Yun,429263819,Powerful 있음,Bru,26.40,1시즌 12주 6일,1200,5,4,8,7,20,TRUE,1,4,7,3,5,3,4,717,2018-02-28,5.5,IM,410000,5,,,3.88,6.32,6.91,7.19,8,6.35
13,Hanguk,Hong-Woon Kim,429263820,Technical,,22.55,1시즌 12주 6일,5620,2,3,7,8,20,TRUE,1,8,6,6,5,3,4,877,2018-02-28,5,WB,470000,2,,,4.93,8.87,8.96,8.03,7.79,6.43
15,Hanguk,Bong-Joo Kim,429263823,,,23.101,1시즌 12주 6일,8220,4,3,7,8,20,TRUE,1,8,6,7,6,2,4,909,2018-02-28,6,WB,410000,5,,,4.94,9.07,8.97,8.33,7.86,6.32
16,Hanguk,Kil-Sung Park,429263824,,,20.51,1시즌 12주 6일,1460,5,2,6,7,20,TRUE,1,4,3,5,4,7,6,758,2018-02-28,5.5,FW,410000,12,,,3.29,5.12,4.82,4.89,4.6,6.08
17,Hanguk,Seung-Ok Lee,429263826,Technical,Y×1,35.0,1시즌 12주 6일,20,5,7,4,5,20,TRUE,1,2,3,3,3,6,5,590,2018-02-18,3.5,FW,260000,13,,,2.54,3.27,3.24,3.53,3.64,4.45
18,Hanguk,Min-Ho Ji,429263827,Unpredictable,,27.15,1시즌 12주 6일,1140,2,5,5,7,20,TRUE,1,3,5,3,6,6,3,643,2018-02-25,4.5,FW,310000,20,,,3.2,4.7,4.94,5.38,5.85,6.19
31,Česká republika,Leoš Broukal,397610518,Head,,28.109,1시즌 3주 6일,16300,3,6,6,7,13,FALSE,1,9,9,2,8,5,4,900,2018-02-25,6,IM,1980000,30,,,4.28,8.01,9.17,7.83,8.96,6.87
33,Hanguk,Dong-Hyeon Lee,431740152,,,18.56,1시즌 2주 5일,500,5,1,5,6,20,TRUE,1,6,4,2,2,4,1,690,2018-02-25,3,CD,250000,1,,,3.07,4.88,5.25,4.09,4.31,3.84
38,Hanguk,In-Ho Ryu,432215232,Quick,Y×1,19.56,13주 4일,130,2,1,8,6,20,TRUE,1,3,4,2,2,5,5,508,2018-02-28,3.5,FW,250000,3,,,2.77,4.08,4.39,4.24,4.7,4.81
43,Hanguk,Ji-Soo Kim,433466579,Technical,,18.64,9주 6일,1220,3,1,6,6,20,TRUE,1,7,4,4,3,3,3,788,2018-02-28,3.5,CD,310000,0,,,3.5,5.98,6.09,4.92,4.72,4.07
44,Hanguk,Sang-Yong Jang,433566477,,Y×2,19.31,8주 6일,1410,2,1,6,6,20,TRUE,1,5,6,6,5,4,2,615,2018-02-25,3.5,WB,330000,2,,,3.01,5.7,5.66,5.95,5.93,5.36
46,Hanguk,Jung-Oh Han,433730490,Technical,,19.37,6주 6일,320,4,1,4,5,20,TRUE,1,6,3,5,1,3,3,663,2018-02-25,2.5,WB,270000,0,,,2.57,4.31,4.15,3.44,3.03,2.88
48,Hanguk,Jin-Taek Cho,433931826,Powerful 있음,Y×1,18.53,4주 6일,350,1,1,5,5,20,TRUE,1,5,5,4,2,4,5,574,2018-02-25,2.5,CD,270000,0,,,2.7,4.66,4.8,4.44,4.55,4.04
49,Hanguk,Jong-Man Lee,434457332,Unpredictable,,17.54,2주 3일,100,5,1,6,5,20,TRUE,1,4,3,5,2,3,2,504,2018-02-25,3,W,250000,0,,,2.58,4.19,3.93,3.84,3.47,3.52
50,Hanguk,Cheon-Won Kong,434535551,Technical,,18.5,1주 4일,400,5,1,6,5,20,TRUE,1,5,3,2,2,6,2,649,2018-02-25,2.5,W,290000,0,,,2.8,4.18,4.4,3.49,3.64,4.18
51,Hanguk,So-Hyeon Kim,434669477,Head,,18.20,0일,110,3,0,6,5,20,TRUE,1,3,5,2,4,2,4,512,,,,250000,0,,,2.36,3.65,4.02,4.15,4.64,3.62
99,Hanguk,In-Guh Park,429263805,,,42.55,1시즌 12주 6일,0,4,6,4,1,20,TRUE,0,0,0,0,0,0,0,440,,,,250000,0,,,1.13,1.13,1.13,1.13,1.13,1.13
