Number,Nat,Player,PlayerID,Special,Stat,Age,Since,TSI,LS,XP,Fo,Stm,Lo,MB,KP,DF,PM,WI,PS,SC,SP,Psico,Last,Rt,Pos,Wage,G,TC,PH,KPPos,WBPos,CDPos,WPos,IMPos,FWPos
2,Hanguk,Jee-Hoon Kim,428709461,,,22.51,3시즌 10주 3일,45980,3,2,7,8,20,TRUE,14,5,1,1,1,2,8,1419,2018-08-12,7.5,KP,11930000,0,,,12.7,4.98,5.14,3.46,3.25,3.17
3,Hanguk,Eun-Seok Hong,427619235,,,32.76,4시즌 2주 3일,180,5,5,7,6,20,TRUE,1,6,5,3,2,1,7,590,2018-08-15,4,CD,290000,9,,,4.42,6.92,7.3,6.27,6.44,4.57
4,Hanguk,Ji-Woon Lee,427619236,,Y×1,22.92,4시즌 2주 3일,1250,5,3,7,8,20,TRUE,1,7,4,3,5,2,7,724,2018-08-15,4.5,CD,390000,25,,,4.66,7.34,7.65,6.27,6.22,5.11
6,Hanguk,Jae-Shin Cha,427619238,,,30.73,4시즌 2주 3일,750,5,6,7,6,20,TRUE,1,7,3,6,3,1,10,728,2018-08-15,5,WB,360000,16,,,4.86,7.77,7.4,6.35,5.47,4.68
8,Hanguk,Hong-Chan Son,427619240,,,25.21,4시즌 2주 3일,1240,5,4,7,7,20,TRUE,1,5,6,5,5,1,8,644,2018-08-15,5,W,310000,3,,,4.23,7.15,7.29,7.42,7.5,5.64
10,Hanguk,Kwang-Eul Jeon,427619242,,Y×1,27.27,4시즌 2주 3일,1570,4,5,7,7,20,TRUE,1,6,7,3,3,2,9,756,2018-08-15,5,IM,430000,15,,,4.59,7.6,8.29,7.56,8.22,5.85
11,Hanguk,Kwang-Hwan Yun,427619243,,,29.106,4시즌 2주 3일,650,6,5,7,6,20,TRUE,2,5,6,2,5,2,9,626,2018-08-12,4,W,320000,12,,,4.87,6.52,7.18,6.73,7.42,5.63
12,Hanguk,Chan-Myung Lee,427619244,,Y×1,29.3,4시즌 2주 3일,800,3,5,8,7,20,TRUE,1,3,7,3,4,3,8,708,2018-08-12,5,IM,390000,8,,,3.84,6.08,6.65,7.26,8.15,6.51
13,Hanguk,Sung-Kook Han,427619245,Technical,,24.103,4시즌 2주 3일,1650,2,4,8,8,20,TRUE,1,5,6,6,5,2,9,626,2018-08-15,5,W,330000,21,,,4.41,7.65,7.6,7.95,7.86,6.42
14,Hanguk,Se-Jong Cho,427619246,,,31.103,4시즌 2주 3일,400,4,6,7,6,20,TRUE,1,5,5,6,3,3,8,594,2018-08-12,4,WB,280000,18,,,4.22,6.95,6.78,6.8,6.54,5.85
15,Hanguk,Man-Ok Lee,427619247,Unpredictable,,26.44,4시즌 2주 3일,1940,5,4,5,7,20,TRUE,1,5,5,7,6,2,9,773,2018-08-12,4.5,W,350000,13,,,3.57,6.15,5.85,6.26,5.83,5.18
16,Hanguk,Dong-Shik Kim,427619248,,,22.38,4시즌 2주 3일,1710,6,3,7,8,20,TRUE,1,3,3,6,4,7,10,763,2018-08-08,5.5,FW,410000,28,,,3.54,5.44,4.89,5.58,5.13,6.97
25,Polska,Pylyp Nagorniak,406205227,,,30.38,3시즌 13주 2일,1210,5,3,6,6,20,FALSE,1,6,6,3,6,3,9,614,2018-08-12,4.5,IM,420000,8,,,3.52,6.08,6.58,6.04,6.48,5.19
31,Hanguk,Se-Hee Park,430626797,,,21.85,3시즌 1주 3일,1410,4,2,8,8,20,TRUE,1,2,5,5,3,7,8,709,2018-08-15,5,FW,390000,24,,,3.16,5.11,4.98,6.11,6.36,7.33
34,Sverige,Axel Hermansson,422526443,,,31.60,2시즌 15주 2일,1090,5,5,6,6,19,FALSE,2,6,7,2,6,2,9,694,2018-08-15,4.5,IM,456000,17,,,4.22,6.15,6.92,6.33,7.1,5.06
38,Latvija,Artem Skurlatov,409641598,,,29.66,2시즌 11주 6일,2170,5,5,7,6,19,FALSE,1,8,6,3,4,3,4,804,2018-08-15,5,CD,684000,8,,,4.4,7.59,8.18,6.66,7,5.33
40,Perú,Matías Pichis,416567166,,,25.16,2시즌 11주 1일,10050,6,2,7,7,19,FALSE,1,10,8,2,4,4,6,1003,2018-08-12,5.5,CD,1764000,4,,,4.71,8.9,10.08,7.69,8.61,6
41,Deutschland,Reinold Kisch,413993877,,,26.20,2시즌 11주 1일,1800,5,3,4,7,19,FALSE,1,8,6,2,4,5,3,799,2018-08-12,3,CD,588000,11,,,3.3,5.72,6.33,4.96,5.44,4.56
48,Hanguk,Dong-Suk Lee,432205385,Technical,,20.99,2시즌 5주 2일,1280,6,2,7,7,20,TRUE,1,5,4,5,6,5,4,615,2018-08-08,5,FW,290000,10,,,3.83,6.3,6.16,6.11,5.9,6.38
52,Hanguk,Seong-Gong Choi,433454317,Unpredictable,,19.67,2시즌 1주 4일,5480,4,2,6,7,20,TRUE,1,7,7,7,4,5,4,788,2018-08-15,5,WB,550000,13,,,4.04,7.75,7.75,7.5,7.42,6.6
55,Hanguk,Geun-Ho Han,433728993,,Y×1,20.69,1시즌 14주 4일,1840,3,2,5,7,20,TRUE,1,5,6,4,3,7,3,718,2018-08-15,4,FW,410000,7,,,3.23,5.52,5.79,5.59,5.99,6.03
61,Oceania,Cedrick Williamson,430364099,Powerful 있음,,20.20,1시즌 9주 2일,5300,3,3,5,7,14,FALSE,1,8,5,7,7,2,4,844,2018-08-15,4,WB,708000,2,,,3.41,6.63,6.43,5.87,5.31,4.44
65,Hanguk,Sang-Hyun Yun,434942107,,,18.95,1시즌 4주 4일,2740,3,1,6,6,20,TRUE,1,6,5,4,7,4,2,792,2018-08-15,4,W,390000,2,,,3.22,5.61,5.81,5.43,5.52,5.13
70,Hanguk,Min-Gyu Jung,429263814,,,24.61,1시즌 1일,5950,1,4,7,7,12,FALSE,1,9,6,4,4,2,5,961,2018-08-12,5.5,CD,1030000,2,,,4.48,8.32,8.82,6.98,7.04,4.92
72,Hanguk,Gyeong-Ryeol Kim,435840503,,,18.109,14주 3일,1520,3,1,5,5,20,TRUE,1,7,6,4,4,3,5,758,2018-08-12,4,WB,390000,0,,,2.96,5.38,5.68,4.95,5.11,3.98
76,Hanguk,Nam-Han Kim,436538053,,,18.3,9주 3일,5140,5,1,8,6,20,TRUE,7,4,1,1,1,1,5,776,2018-08-15,4.5,KP,1530000,0,,,7.02,3.89,4.01,2.8,2.62,2.3
77,Hanguk,Han-Duk Park,437598574,Unpredictable,,18.8,1주 3일,930,3,1,6,5,20,TRUE,1,3,6,3,6,5,4,616,2018-08-12,3.5,IM,310000,0,,,2.46,4.14,4.5,5.05,5.67,5.36
98,Hanguk,Suk-Gu Ra,437732372,,,18.82,0일,240,3,1,6,5,20,TRUE,1,4,2,2,6,4,3,613,,,,270000,0,,,2.58,3.56,3.63,3.24,3.22,3.81
99,Hanguk,Je-Min Jung,427619232,,,44.54,4시즌 2주 3일,0,3,8,3,1,20,TRUE,0,0,0,0,0,0,0,340,,,,250000,0,,,1.03,1.03,1.03,1.03,1.03,1.03
