Number,Nat,Player,PlayerID,Special,Stat,Age,Since,TSI,LS,XP,Fo,Stm,Lo,MB,KP,DF,PM,WI,PS,SC,SP,Psico,Last,Rt,Pos,Wage,G,TC,PH,KPPos,WBPos,CDPos,WPos,IMPos,FWPos
2,Hanguk,Jee-Hoon Kim,428709461,,,20.106,2시즌 2주 0일,18560,3,2,6,7,20,TRUE,11,5,1,1,1,2,8,1138,2018-02-21,5,KP,1850000,0,,,9.85,4.6,4.75,3.2,3,2.93
3,Hanguk,Eun-Seok Hong,427619235,,,31.19,2시즌 10주 0일,290,5,5,6,6,20,TRUE,1,6,6,3,2,1,7,607,2018-02-25,4,CD,290000,9,,,4.1,6.61,7.09,6.25,6.61,4.5
4,Hanguk,Ji-Woon Lee,427619236,,Y×1,21.35,2시즌 10주 0일,1260,5,2,7,7,20,TRUE,1,7,4,3,5,2,7,741,2018-02-25,4.5,CD,390000,11,,,4.32,6.93,7.23,5.89,5.84,4.76
5,Hanguk,Jang-Soo Choi,427619237,Quick,,32.81,2시즌 10주 0일,100,5,5,6,6,20,TRUE,1,6,4,4,2,1,10,590,2018-02-25,3.5,CD,270000,4,,,4.04,6.28,6.35,5.47,5.26,4.03
6,Hanguk,Jae-Shin Cha,427619238,,,29.16,2시즌 10주 0일,990,5,5,7,7,20,TRUE,1,7,3,6,3,2,10,732,2018-02-18,5,WB,380000,9,,,4.78,7.69,7.32,6.27,5.42,4.98
8,Hanguk,Hong-Chan Son,427619240,,Y×1,23.76,2시즌 10주 0일,1030,5,3,5,8,20,TRUE,1,5,6,5,5,1,8,615,2018-02-21,3.5,WB,310000,1,,,3.48,5.97,6.09,6.2,6.27,4.69
9,Hanguk,Hoi-Taek Park,427619241,Unpredictable,,21.83,2시즌 10주 0일,1280,2,3,6,7,20,TRUE,1,5,6,3,6,3,10,645,2018-02-21,5,IM,330000,10,,,3.78,6.15,6.62,6.46,6.97,5.75
10,Hanguk,Kwang-Eul Jeon,427619242,,,25.82,2시즌 10주 0일,1370,4,4,5,7,20,TRUE,1,6,7,3,3,2,9,758,2018-02-25,4,IM,430000,6,,,3.83,6.42,7,6.38,6.94,4.91
11,Hanguk,Kwang-Hwan Yun,427619243,,,28.49,2시즌 10주 0일,800,6,4,7,7,20,TRUE,2,5,6,3,5,2,9,620,2018-02-25,4,W,330000,10,,,4.81,6.65,7.15,6.88,7.38,5.69
12,Hanguk,Chan-Myung Lee,427619244,,,27.58,2시즌 10주 0일,1060,3,4,7,7,20,TRUE,1,3,7,3,4,3,8,755,2018-02-21,5,IM,410000,8,,,3.64,5.84,6.4,7,7.88,6.26
13,Hanguk,Sung-Kook Han,427619245,Technical,Bru,23.46,2시즌 10주 0일,1480,2,3,6,8,20,TRUE,1,5,6,6,5,2,9,615,2018-02-21,4.5,W,330000,10,,,3.62,6.37,6.34,6.63,6.55,5.33
14,Hanguk,Se-Jong Cho,427619246,,,30.46,2시즌 10주 0일,610,4,5,7,6,20,TRUE,1,5,5,6,3,4,8,601,2018-02-21,4,WB,280000,18,,,4.19,6.96,6.78,6.81,6.57,6.22
15,Hanguk,Man-Ok Lee,427619247,Unpredictable,Y×1,24.99,2시즌 10주 0일,2390,5,4,7,8,20,TRUE,1,5,5,7,6,2,9,757,2018-02-21,5,W,350000,13,,,4.27,7.36,6.99,7.48,6.97,6.19
16,Hanguk,Dong-Shik Kim,427619248,,Y×1,20.93,2시즌 10주 0일,1360,6,2,5,7,20,TRUE,1,3,3,6,4,7,10,769,2018-02-21,4.5,FW,410000,21,,,2.8,4.41,3.95,4.53,4.15,5.71
18,Hanguk,Kwang-Rae Kim,427619250,Head,Y×1,28.53,2시즌 10주 0일,1050,3,4,7,7,20,TRUE,1,2,5,3,6,6,7,614,2018-02-18,5,FW,310000,30,,,3.34,4.83,5.06,5.99,6.6,7.1
21,Belgium,Jitse Haes,428112207,,,33.51,2시즌 4주 6일,200,4,5,3,5,17,FALSE,2,6,5,5,5,2,7,590,2018-02-25,3,W,348000,3,,,2.88,4.29,4.31,4.06,3.95,3.23
23,Belgium,Mathias Piron,428125893,Technical,,34.20,2시즌 4주 6일,130,6,6,7,5,17,FALSE,2,6,5,5,5,2,9,590,2018-02-25,4.5,W,324000,7,,,4.46,6.6,6.64,6.25,6.09,4.99
25,Polska,Pylyp Nagorniak,406205227,,,28.93,2시즌 4주 6일,1430,5,3,4,7,17,FALSE,1,6,7,3,6,3,9,702,2018-02-21,3.5,IM,444000,8,,,2.76,5.02,5.53,5.18,5.71,4.34
31,Hanguk,Se-Hee Park,430626797,,,20.28,1시즌 9주 0일,1140,4,2,6,7,20,TRUE,1,2,5,5,3,7,8,713,2018-02-25,4.5,FW,390000,12,,,2.76,4.48,4.36,5.35,5.57,6.41
34,Sverige,Axel Hermansson,422526443,,Y×1,30.3,1시즌 6주 6일,1650,5,5,7,6,14,FALSE,2,7,7,2,6,2,9,696,2018-02-25,4.5,IM,492000,8,,,4.63,7,7.88,6.83,7.62,5.28
38,Latvija,Artem Skurlatov,409641598,,,28.9,1시즌 3주 3일,2310,5,5,6,6,13,FALSE,1,8,6,3,4,3,4,817,2018-02-21,4,CD,732000,8,,,3.82,6.78,7.33,5.92,6.23,4.68
40,Perú,Matías Pichis,416567166,,,23.71,1시즌 2주 5일,10000,6,2,7,7,12,FALSE,1,10,8,2,4,4,6,1003,2018-02-18,5,CD,1764000,4,,,4.35,8.53,9.71,7.32,8.23,5.64
41,Deutschland,Reinold Kisch,413993877,,,24.75,1시즌 2주 5일,2540,5,2,7,7,12,FALSE,1,8,6,2,4,5,3,801,2018-02-18,3.5,CD,588000,10,,,3.7,6.8,7.59,5.83,6.45,5.31
48,Hanguk,Dong-Suk Lee,432205385,Technical,,19.42,12주 6일,1100,6,1,7,5,20,TRUE,1,5,4,5,6,5,4,626,2018-02-25,4.5,FW,290000,3,,,3.14,5.38,5.25,5.21,5.02,5.46
52,Hanguk,Seong-Gong Choi,433454317,Unpredictable,Y×2,18.10,9주 0일,5180,4,1,7,6,20,TRUE,1,7,7,7,4,5,4,791,2018-02-25,4.5,WB,550000,4,,,3.79,7.61,7.61,7.36,7.28,6.43
55,Hanguk,Geun-Ho Han,433728993,,,19.12,6주 0일,1960,3,1,7,5,20,TRUE,1,5,6,4,3,7,3,737,2018-02-25,5,FW,410000,1,,,3.14,5.61,5.9,5.68,6.11,6.16
58,Hanguk,Tae-Hwan Lee,434006765,,,17.40,3주 0일,3560,4,1,6,6,20,TRUE,7,1,1,1,1,1,4,738,2018-02-25,3,KP,950000,0,,,5.53,2.05,2.05,2.05,2.05,2.05
60,Hanguk,Young-Rim Jung,434511713,,,18.43,6일,550,4,0,6,5,20,TRUE,4,4,1,1,1,1,5,469,,,,550000,0,,,4.21,3.24,3.34,2.33,2.18,1.91
61,Oceania,Cedrick Williamson,430364099,Powerful 있음,,18.75,5일,6100,3,2,8,6,3,FALSE,1,8,5,7,7,2,4,869,2018-02-25,4,WB,540000,0,,,3.21,6.93,6.7,6.05,5.4,4.4
99,Hanguk,Je-Min Jung,427619232,,,42.109,2시즌 10주 0일,0,3,8,4,1,20,TRUE,0,0,0,0,0,0,0,440,,,,250000,0,,,1.2,1.2,1.2,1.2,1.2,1.2
