Name,Age,TSI,PayPerWeek,Form,Stamina,Special,Experience,Leadership,Loyalty,Keeper,Defending,Playmaking,Winger,Passing,Scoring,SetPieces,Time,Star,Position
1. Jee-Seung Oh,21세 77일,3520,990000,6,6,,3,4,20,7,3,1,1,1,1,6
3. Eun-Seok Hong,28세 111일,490,300000,5,6,,4,5,20,1,6,6,3,2,2,4
4. Ji-Woon Lee,2    19세 15일,950,390000,5,6,,2,5,20,1,7,4,3,5,2,5
5. Jang-Soo Choi,30세 61일,160,280000,3,6,빠름,5,5,20,1,6,4,4,2,1,7
6. Jae-Shin Cha,26세 108일,1160,390000,6,6,,4,5,20,1,7,3,6,3,2,6
7. In-Moo Byon,31세 96일,560,300000,5,6,,5,1,20,2,6,5,5,5,3,6
8. Hong-Chan Son,21세 56일,1070,310000,6,7,,3,5,20,1,5,6,5,5,1,4
9. Hoi-Taek Park,19세 63일,820,330000,4,5,예측못함,2,2,20,1,5,6,3,6,3,6
10. Kwang-Eul Jeon,23세 62일,1430,430000,6,6,,3,4,20,1,6,7,3,3,2,5
11. Kwang-Hwan Yun,26세 29일,630,330000,4,6,,3,6,20,2,5,6,3,5,2,6
12. Chan-Myung Lee,25세 38일,980,410000,6,7,,4,3,20,1,3,7,3,4,3,4
13. Sung-Kook Han,21세 26일,1180,330000,5,6,공 마술사,3,2,20,1,5,6,6,5,2,5
14. Se-Jong Cho,28세 26일,690,290000,5,6,,4,4,20,1,5,5,6,3,4,4
15. Man-Ok Lee,22세 79일,1850,350000,5,7,예측못함,3,5,20,1,5,5,7,6,2,4
16. Dong-Shik Kim,18세 73일,1080,410000,4,6,,2,6,20,1,3,3,6,4,7,6
17. Seung-Mee Kim,34세 12일,90,300000,6,5,예측못함,6,2,20,1,2,4,4,4,7,5
18. Kwang-Rae Kim,26세 33일,1110,310000,6,6,헤딩,3,3,20,1,2,5,3,6,6,2
20. Jader da Matta,31세 102일,870,384000,5,6,,6,4,5,2,6,6,5,6,2,5
21. Jitse Haes,31세 31일,910,384000,5,6,,5,4,5,2,6,6,5,6,2,5
22. Keith Esser,31세 48일,930,372000,5,6,빠름,6,5,5,2,6,6,6,6,3,6
23. Mathias Piron,32세 0일,920,372000,6,6,공 마술사,5,6,5,2,6,6,6,6,3,6
24. Philippe Morel,33세 14일,220,360000,3,5,예측못함,5,5,5,2,6,6,5,6,2,6
25. Pylyp Nagorniak,26세 73일,1430,444000,4,5,,2,5,5,1,6,7,3,6,3,6
26. Türker Arkan,32세 90일,1040,420000,6,5,,6,1,5,2,6,7,5,6,2,6
27. Emil Günther Norbisrath,17세 24일,1600,1020000,5,5,,1,1,5,6,2,1,1,1,1,8
28. José Antonio Taibo,18세 94일,1710,1116000,4,5,,1,5,5,6,4,1,1,1,1,6
29. Won-Joon Kim,17세 74일,260,270000,6,5,,1,4,20,1,2,4,5,2,5,4
