Number,Nat,Player,PlayerID,Special,Stat,Age,Since,TSI,LS,XP,Fo,Stm,Lo,MB,KP,DF,PM,WI,PS,SC,SP,Psico,Last,Rt,Pos,Wage,G,TC,PH,KPPos,WBPos,CDPos,WPos,IMPos,FWPos
1,Hanguk,Jong-Kyung Ji,429263806,Head,,24.28,2시즌 10주 1일,2360,2,4,7,8,20,TRUE,6,4,1,1,1,1,5,651,2018-06-03,4,KP,990000,0,,,7.39,4.82,4.95,3.68,3.5,3.16
2,Hanguk,Soon Jung,429263807,,,30.5,2시즌 10주 1일,100,7,6,4,6,20,TRUE,5,6,1,1,3,1,3,606,2018-05-30,3.5,KP,680000,0,,,5.46,4.49,4.64,3.23,3.01,2.7
3,Hanguk,Dong-Ho Lee,429263808,,,31.59,2시즌 10주 1일,410,4,6,7,6,20,TRUE,1,7,5,2,2,2,4,690,2018-05-30,4,W,320000,5,,,4.77,7.34,7.94,6.32,6.66,4.92
7,Hanguk,Ang-Ri Choi,429263812,Powerful 있음,Bru,34.27,2시즌 10주 1일,170,2,6,7,5,20,TRUE,2,7,5,5,5,2,5,680,2018-06-03,5.5,W,310000,16,,,5.01,7.27,7.34,6.61,6.41,5.27
9,Hanguk,Seung-Min Lee,429263815,Quick,,21.108,2시즌 10주 1일,8650,3,3,8,8,20,TRUE,1,9,6,3,6,2,6,979,2018-06-03,5.5,IM,630000,0,,,5.39,9.19,9.89,7.96,8.25,6.05
10,Hanguk,Jung-Jae Lee,429263816,Unpredictable,Bru,26.70,2시즌 10주 1일,4800,4,4,7,7,20,TRUE,1,9,7,2,3,2,4,905,2018-05-23,5,IM,770000,4,,,5.05,8.53,9.48,7.41,8.05,5.36
11,Hanguk,Ryung-Tae Kim,429263818,,Y×1,28.24,2시즌 10주 1일,2390,2,4,6,7,20,TRUE,2,8,6,3,5,3,5,801,2018-06-03,4.5,IM,530000,7,,,5.25,7.72,8.3,6.91,7.24,5.68
12,Hanguk,Jung-Eum Yun,429263819,Powerful 있음,,27.21,2시즌 10주 1일,1170,5,4,6,7,20,TRUE,1,4,7,3,5,3,4,725,2018-06-03,4.5,IM,410000,6,,,3.64,5.93,6.49,6.75,7.5,5.96
13,Hanguk,Hong-Woon Kim,429263820,Technical,Y×1,23.36,2시즌 10주 1일,9100,2,4,7,8,20,TRUE,1,9,6,6,5,3,4,992,2018-06-03,6.5,W,1110000,3,,,5.37,9.6,9.73,8.37,8.08,6.6
15,Hanguk,Bong-Joo Kim,429263823,,,24.82,2시즌 10주 1일,12010,4,4,8,8,20,TRUE,1,9,6,7,6,2,4,1008,2018-06-03,7,W,810000,5,,,5.56,10.12,10.06,8.96,8.41,6.7
16,Hanguk,Kil-Sung Park,429263824,,,21.32,2시즌 10주 1일,1680,5,2,6,8,20,TRUE,1,4,3,5,4,7,6,765,2018-05-30,5,FW,410000,14,,,3.34,5.19,4.89,4.95,4.66,6.17
17,Hanguk,Seung-Ok Lee,429263826,Technical,,35.93,2시즌 10주 1일,10,5,7,5,4,20,TRUE,1,2,3,2,2,5,5,490,2018-05-30,4,FW,260000,17,,,2.84,3.52,3.63,3.73,3.98,4.48
18,Hanguk,Min-Ho Ji,429263827,Unpredictable,,27.108,2시즌 10주 1일,1270,2,5,6,7,20,TRUE,1,3,5,3,6,6,3,645,2018-06-03,5,FW,310000,27,,,3.5,5.14,5.4,5.89,6.4,6.77
31,Česká republika,Leoš Broukal,397610518,Head,,29.90,2시즌 1주 0일,16320,3,7,8,6,16,FALSE,1,9,9,2,8,4,4,910,2018-05-27,6.5,IM,1860000,42,,,4.99,9.13,10.41,8.92,10.14,7.46
33,Hanguk,Dong-Hyeon Lee,431740152,,,19.37,2시즌 0일,2300,5,2,7,7,20,TRUE,1,8,4,2,2,4,1,884,2018-05-30,4.5,CD,470000,4,,,4.62,7.34,7.86,5.64,5.79,5
43,Hanguk,Ji-Soo Kim,433466579,Technical,Y×1,19.45,1시즌 7주 0일,3620,3,2,6,7,20,TRUE,1,9,4,4,3,3,3,951,2018-05-30,4.5,CD,670000,0,,,4.5,7.58,7.77,5.79,5.47,4.59
44,Hanguk,Sang-Yong Jang,433566477,,Y×1,20.12,1시즌 6주 0일,2720,2,2,5,7,20,TRUE,1,7,6,6,5,4,2,720,2018-06-03,3.5,WB,410000,3,,,3.65,6.68,6.72,6.3,6.18,5.45
46,Hanguk,Jung-Oh Han,433730490,Technical,Y×1,20.18,1시즌 4주 1일,1700,4,1,7,6,20,TRUE,1,8,3,5,1,3,3,825,2018-06-03,4.5,WB,450000,3,,,4.16,7.14,6.99,5.18,4.49,4.06
48,Hanguk,Jin-Taek Cho,433931826,Powerful 있음,,19.34,1시즌 2주 0일,1400,1,1,6,7,20,TRUE,1,7,5,4,2,4,5,739,2018-05-27,3.5,CD,330000,0,,,3.62,6.38,6.62,5.45,5.48,4.68
54,Hanguk,Kwang-Hyun Seo,434869614,Unpredictable,,19.9,11주 0일,460,2,1,6,6,20,TRUE,1,4,5,4,5,4,2,513,2018-05-30,2.5,WB,250000,6,,,2.81,4.78,4.9,5.09,5.29,4.97
58,Hanguk,Yi-Sub Kang,435570656,,,19.40,7주 1일,750,5,1,7,5,20,TRUE,1,4,3,5,5,5,4,615,2018-05-30,2.5,WB,270000,0,,,2.89,4.69,4.39,4.53,4.19,5.06
59,Hanguk,Hyung-Hwa Jung,435660098,,Y×1,18.25,6주 1일,440,5,1,8,6,20,TRUE,1,5,4,3,5,2,6,514,2018-06-03,3,CD,250000,3,,,3.32,5.34,5.56,5.05,5.12,4.28
60,Hanguk,Chu-Seok Ahn,435761718,,,18.12,5주 0일,960,3,1,7,5,20,TRUE,1,4,5,3,3,7,5,714,2018-06-03,5,FW,350000,0,,,2.78,4.57,4.85,4.72,5.17,5.58
61,Schweiz,Francois Baumgartner,434542904,,Bru,17.104,4주 6일,4120,5,2,7,7,7,FALSE,1,6,7,6,7,6,3,680,2018-06-03,3,CD,444000,3,,,2.79,6.13,6.26,6.46,6.67,6.33
63,Hellas,Damianos Yiannopoulos,377705560,Unpredictable,,34.91,3주 6일,8110,6,8,5,5,6,FALSE,1,9,13,11,5,4,14,1280,2018-05-30,5.5,W,7044000,90,,,3.39,8.36,8.5,8.93,9.14,6.53
64,Hanguk,Koo-Joong Kim,435928762,,Inj 1,18.3,3주 1일,710,3,1,6,5,20,TRUE,1,7,4,3,2,2,3,759,2018-06-03,3.5,CD,370000,0,,,3.41,5.67,5.93,4.54,4.49,3.4
65,Hanguk,Do-Yong Yang,436453512,,,18.24,1일,170,5,1,6,5,20,TRUE,1,4,5,3,3,1,2,556,,,,270000,0,,,2.58,4.24,4.5,4.38,4.62,3.27
99,Hanguk,In-Guh Park,429263805,,,43.36,2시즌 10주 1일,0,3,6,1,1,20,TRUE,0,0,0,0,0,0,0,140,,,,250000,0,,,0.47,0.47,0.47,0.47,0.47,0.47
