Number,Nat,Player,PlayerID,Special,Stat,Age,Since,TSI,LS,XP,Fo,Stm,Lo,MB,KP,DF,PM,WI,PS,SC,SP,Psico,Last,Rt,Pos,Wage,G,TC,PH,KPPos,WBPos,CDPos,WPos,IMPos,FWPos
1,Hanguk,Jee-Seung Oh,427619233,,,22.39,1시즌 2주 0일,9270,4,3,7,7,20,TRUE,9,3,1,1,1,1,6,924,2017-09-10,5,KP,1970000,0,,,8.68,3.96,4.04,3.23,3.11,2.9
2,Hanguk,Jee-Hoon Kim,428709461,,,19.48,10주 0일,4260,3,1,6,6,20,TRUE,7,5,1,1,1,2,2,773,2017-09-10,4.5,KP,930000,0,,,6.46,3.92,4.07,2.63,2.45,2.38
3,Hanguk,Eun-Seok Hong,427619235,,Bru,29.73,1시즌 2주 0일,280,5,4,3,6,20,TRUE,1,6,6,3,2,2,4,613,2017-09-10,2,CD,300000,1,,,2.58,4.2,4.51,3.97,4.22,3.06
4,Hanguk,Ji-Woon Lee,427619236,,,19.89,1시즌 2주 0일,930,5,2,5,7,20,TRUE,1,7,4,3,5,2,5,706,2017-09-06,3.5,CD,390000,3,,,3.65,5.85,6.1,4.97,4.93,4.02
5,Hanguk,Jang-Soo Choi,427619237,Quick,,31.23,1시즌 2주 0일,130,5,5,4,5,20,TRUE,1,6,4,4,2,1,7,594,2017-09-06,2.5,WB,280000,0,,,3.2,4.97,5.03,4.33,4.16,3.19
6,Hanguk,Jae-Shin Cha,427619238,,,27.70,1시즌 2주 0일,1030,5,5,4,7,20,TRUE,1,7,3,6,3,2,6,791,2017-09-10,3.5,WB,390000,6,,,3.64,5.86,5.58,4.78,4.13,3.79
7,Hanguk,In-Moo Byon,427619239,,,32.58,1시즌 2주 0일,400,1,6,6,6,20,TRUE,2,6,5,5,5,3,6,592,2017-09-06,4,CD,300000,4,,,4.71,6.71,6.75,6.39,6.27,5.55
8,Hanguk,Hong-Chan Son,427619240,,,22.18,1시즌 2주 0일,1100,5,3,6,7,20,TRUE,1,5,6,5,5,1,4,630,2017-09-10,3.5,WB,310000,0,,,3.76,6.46,6.59,6.71,6.78,5.07
9,Hanguk,Hoi-Taek Park,427619241,Unpredictable,Y×1,20.25,1시즌 2주 0일,1050,2,3,5,6,20,TRUE,1,5,6,3,6,3,6,656,2017-09-06,3.5,IM,330000,4,,,3.3,5.37,5.78,5.63,6.08,5.02
10,Hanguk,Kwang-Eul Jeon,427619242,,,24.24,1시즌 2주 0일,1610,4,3,7,7,20,TRUE,1,6,7,3,3,2,5,760,2017-09-10,5,IM,430000,5,,,4.32,7.34,8.02,7.3,7.95,5.58
11,Hanguk,Kwang-Hwan Yun,427619243,,,26.103,1시즌 2주 0일,930,6,4,7,7,20,TRUE,2,5,6,3,5,2,6,648,2017-09-06,4.5,IM,330000,3,,,4.8,6.63,7.12,6.86,7.36,5.67
12,Hanguk,Chan-Myung Lee,427619244,,,26.0,1시즌 2주 0일,780,3,4,4,7,20,TRUE,1,3,7,3,4,3,4,759,2017-09-10,2.5,FW,410000,2,,,2.76,4.42,4.84,5.3,5.96,4.74
13,Hanguk,Sung-Kook Han,427619245,Technical,,21.100,1시즌 2주 0일,1310,2,3,5,7,20,TRUE,1,5,6,6,5,2,5,635,2017-08-23,4,W,330000,7,,,3.36,5.92,5.88,6.16,6.09,4.95
14,Hanguk,Se-Jong Cho,427619246,,,28.100,1시즌 2주 0일,830,4,5,6,6,20,TRUE,1,5,5,6,3,4,4,614,2017-08-30,3.5,WB,290000,8,,,3.92,6.52,6.36,6.38,6.16,5.83
15,Hanguk,Man-Ok Lee,427619247,Unpredictable,,23.41,1시즌 2주 0일,2270,5,3,7,7,20,TRUE,1,5,5,7,6,2,4,761,2017-09-06,5,W,350000,7,,,4.06,7.11,6.74,7.23,6.73,5.96
16,Hanguk,Dong-Shik Kim,427619248,,,19.35,1시즌 2주 0일,1320,6,2,5,7,20,TRUE,1,3,3,6,4,7,6,764,2017-09-10,5,FW,410000,13,,,2.72,4.28,3.83,4.39,4.02,5.54
17,Hanguk,Seung-Mee Kim,427619249,Unpredictable,Inj 1,34.86,1시즌 2주 0일,60,2,6,7,5,20,TRUE,1,2,4,3,3,6,5,590,2017-09-10,5,FW,300000,16,,,3.28,4.44,4.53,5.03,5.38,6.06
18,Hanguk,Kwang-Rae Kim,427619250,Head,,26.107,1시즌 2주 0일,800,3,4,3,7,20,TRUE,1,2,5,3,6,6,2,648,2017-09-06,3.5,FW,310000,9,,,2.19,3.16,3.31,3.92,4.32,4.65
20,Brasil,Jader da Matta,427827635,,Bru,32.64,12주 6일,630,4,6,6,6,10,FALSE,2,6,6,5,6,2,5,590,2017-09-06,3.5,WB,384000,1,,,3.67,5.76,5.91,5.74,5.79,4.51
21,Belgium,Jitse Haes,428112207,,Y×1,31.105,13주 0일,860,4,5,6,6,10,FALSE,2,6,6,5,6,2,5,595,2017-09-10,3,CD,384000,2,,,3.82,6.03,6.19,6.02,6.07,4.71
22,Nederland,Keith Esser,428060480,Quick,,32.10,12주 6일,560,5,6,4,6,10,FALSE,2,6,5,6,6,2,6,590,2017-09-10,3,W,372000,1,,,3.17,4.94,4.84,4.74,4.48,3.77
23,Belgium,Mathias Piron,428125893,Technical,,32.74,13주 0일,650,6,5,7,6,10,FALSE,2,6,6,5,6,3,6,590,2017-09-06,3.5,W,372000,2,,,4.05,6.41,6.58,6.39,6.48,5.37
24,Canada,Philippe Morel,425173438,Unpredictable,Y×1,33.88,12주 6일,310,5,6,7,5,10,FALSE,2,6,5,5,5,2,6,590,2017-09-10,4,W,360000,4,,,4.04,6.14,6.18,5.79,5.64,4.56
25,Polska,Pylyp Nagorniak,406205227,,R,27.35,13주 0일,1620,5,3,4,6,10,FALSE,1,6,7,3,6,3,6,734,2017-09-10,3.5,IM,444000,2,,,2.38,4.53,5.02,4.69,5.19,3.89
26,Türkiye,Türker Arkan,425734621,,,33.52,12주 6일,530,1,6,5,5,10,FALSE,2,6,7,5,6,2,5,680,2017-09-03,4,IM,456000,11,,,3.27,5.28,5.52,5.47,5.68,4.22
29,Türkiye,Gökhan Menderes,426926338,,TL,19.70,4주 6일,5190,4,1,6,5,7,FALSE,8,3,2,2,1,1,13,813,2017-09-06,3,KP,1428000,0,,,5.02,1.97,2.01,1.6,1.52,1.09
30,Hanguk,Kyoo-Shik Kim,430373564,,,18.43,2주 1일,780,6,1,6,5,20,TRUE,1,2,5,4,7,2,3,716,2017-09-06,3,IM,330000,0,,,2.2,3.61,3.65,4.68,4.91,4.31
31,Hanguk,Se-Hee Park,430626797,,,18.82,1주 0일,1030,4,1,6,5,20,TRUE,1,2,5,5,3,7,2,736,2017-09-06,4.5,FW,390000,1,,,2.23,3.81,3.71,4.62,4.82,5.6
32,Hanguk,Woo-Jae Kim,430762543,Technical,,18.97,0일,90,5,1,6,5,20,TRUE,1,4,3,4,3,2,4,413,2017-09-10,2.5,CD,250000,0,,,2.58,4.03,3.92,3.74,3.51,3.22
99,Hanguk,Je-Min Jung,427619232,,,41.51,1시즌 2주 0일,0,4,8,3,1,20,TRUE,0,0,0,0,0,0,1,340,,,,250000,0,,,1.03,1.03,1.03,1.03,1.03,1.03
