Number,Nat,Player,PlayerID,Special,Stat,Age,Since,TSI,LS,XP,Fo,Stm,Lo,MB,KP,DF,PM,WI,PS,SC,SP,Psico,Last,Rt,Pos,Wage,G,TC,PH,KPPos,WBPos,CDPos,WPos,IMPos,FWPos
2,Hanguk,Jee-Hoon Kim,428709461,,,20.30,1시즌 7주 3일,9740,3,1,8,7,20,TRUE,9,5,1,1,1,2,8,915,2017-12-13,5.5,KP,1850000,0,,,8.99,4.63,4.8,3.1,2.89,2.8
3,Hanguk,Eun-Seok Hong,427619235,,,30.55,1시즌 15주 3일,400,5,5,7,6,20,TRUE,1,6,6,3,2,2,7,611,2017-12-13,4,CD,300000,4,,,4.41,7.1,7.63,6.72,7.14,5.21
4,Hanguk,Ji-Woon Lee,427619236,,,20.71,1시즌 15주 3일,1130,5,2,6,7,20,TRUE,1,7,4,3,5,2,7,728,2017-12-10,4,CD,390000,6,,,4,6.42,6.7,5.46,5.42,4.41
5,Hanguk,Jang-Soo Choi,427619237,Quick,,32.5,1시즌 15주 3일,130,5,5,7,6,20,TRUE,1,6,4,4,2,1,10,590,2017-12-10,4,CD,270000,3,,,4.33,6.74,6.81,5.87,5.64,4.32
6,Hanguk,Jae-Shin Cha,427619238,,Y×1,28.52,1시즌 15주 3일,970,5,5,5,7,20,TRUE,1,7,3,6,3,2,10,758,2017-12-10,4,WB,390000,7,,,4.07,6.54,6.23,5.34,4.61,4.24
7,Hanguk,In-Moo Byon,427619239,,,33.40,1시즌 15주 3일,170,1,6,5,5,20,TRUE,2,6,5,5,5,2,6,590,2017-12-10,3,WB,290000,4,,,4.07,5.81,5.84,5.52,5.4,4.51
8,Hanguk,Hong-Chan Son,427619240,,Y×2,23.0,1시즌 15주 3일,1180,5,3,6,8,20,TRUE,1,5,6,5,5,1,8,620,2017-12-13,4,WB,310000,0,,,3.81,6.53,6.66,6.78,6.86,5.13
9,Hanguk,Hoi-Taek Park,427619241,Unpredictable,Y×2,21.7,1시즌 15주 3일,1030,2,3,4,7,20,TRUE,1,5,6,3,6,3,10,659,2017-12-10,3.5,IM,330000,8,,,3.06,4.97,5.35,5.22,5.63,4.65
10,Hanguk,Kwang-Eul Jeon,427619242,,Y×2,25.6,1시즌 15주 3일,1740,4,4,7,8,20,TRUE,1,6,7,3,3,2,9,755,2017-12-13,5,IM,430000,5,,,4.54,7.6,8.3,7.56,8.23,5.82
11,Hanguk,Kwang-Hwan Yun,427619243,,,27.85,1시즌 15주 3일,770,6,4,5,7,20,TRUE,2,5,6,3,5,2,9,644,2017-11-26,4.5,IM,330000,10,,,4.1,5.66,6.08,5.86,6.29,4.85
12,Hanguk,Chan-Myung Lee,427619244,,Y×1,26.94,1시즌 15주 3일,760,3,4,4,7,20,TRUE,1,3,7,3,4,3,8,754,2017-12-13,3.5,IM,410000,7,,,2.77,4.44,4.87,5.33,5.99,4.76
13,Hanguk,Sung-Kook Han,427619245,Technical,,22.82,1시즌 15주 3일,1480,2,3,6,7,20,TRUE,1,5,6,6,5,2,9,639,2017-12-10,4.5,W,330000,10,,,3.79,6.68,6.64,6.94,6.86,5.58
14,Hanguk,Se-Jong Cho,427619246,,,29.82,1시즌 15주 3일,690,4,5,6,6,20,TRUE,1,5,5,6,3,4,8,609,2017-12-13,4,WB,290000,18,,,3.92,6.52,6.35,6.38,6.15,5.83
15,Hanguk,Man-Ok Lee,427619247,Unpredictable,,24.23,1시즌 15주 3일,2320,5,3,7,8,20,TRUE,1,5,5,7,6,2,9,749,2017-12-10,5,W,350000,11,,,4.1,7.19,6.82,7.31,6.81,6.03
16,Hanguk,Dong-Shik Kim,427619248,,Y×2,20.17,1시즌 15주 3일,1630,6,2,7,7,20,TRUE,1,3,3,6,4,7,10,772,2017-12-13,5.5,FW,410000,19,,,3.27,5.15,4.61,5.28,4.84,6.66
17,Hanguk,Seung-Mee Kim,427619249,Unpredictable,,35.68,1시즌 15주 3일,20,2,6,6,5,20,TRUE,1,2,3,3,3,6,7,590,2017-12-06,3.5,FW,270000,18,,,2.95,3.82,3.78,4.12,4.26,5.22
18,Hanguk,Kwang-Rae Kim,427619250,Head,,27.89,1시즌 15주 3일,1290,3,4,7,7,20,TRUE,1,2,5,3,6,6,7,649,2017-12-10,5.5,FW,310000,20,,,3.37,4.86,5.1,6.03,6.64,7.15
20,Brasil,Jader da Matta,427827635,,R,33.46,1시즌 10주 2일,350,4,6,8,5,15,FALSE,2,6,6,5,6,1,8,590,2017-12-03,4,WB,360000,2,,,4.53,6.97,7.14,6.95,6.97,5.13
21,Belgium,Jitse Haes,428112207,,Y×1,32.87,1시즌 10주 2일,590,4,5,7,5,15,FALSE,2,6,6,5,6,2,7,590,2017-12-13,4.5,W,372000,2,,,4.33,6.7,6.88,6.69,6.74,5.28
22,Nederland,Keith Esser,428060480,Quick,Y×1,32.104,1시즌 10주 2일,640,5,6,7,6,15,FALSE,2,6,5,6,6,2,9,590,2017-12-13,4.5,W,372000,3,,,4.4,6.73,6.6,6.47,6.13,5.19
23,Belgium,Mathias Piron,428125893,Technical,,33.56,1시즌 10주 2일,330,6,5,7,5,15,FALSE,2,6,5,5,5,2,9,590,2017-12-13,4.5,W,360000,2,,,4.27,6.41,6.45,6.06,5.9,4.8
25,Polska,Pylyp Nagorniak,406205227,,Y×1,28.17,1시즌 10주 2일,2000,5,3,8,7,15,FALSE,1,6,7,3,6,3,9,701,2017-12-13,5,IM,444000,2,,,3.62,6.67,7.36,6.89,7.6,5.75
31,Hanguk,Se-Hee Park,430626797,,,19.64,14주 3일,1240,4,1,7,6,20,TRUE,1,2,5,5,3,7,8,735,2017-12-13,5,FW,390000,9,,,2.5,4.27,4.16,5.18,5.41,6.28
34,Sverige,Axel Hermansson,422526443,,Y×1,29.39,12주 2일,1840,5,4,6,6,10,FALSE,2,7,7,2,6,2,9,701,2017-12-10,4,IM,516000,6,,,4.01,6.21,7.02,6.05,6.78,4.61
38,Latvija,Artem Skurlatov,409641598,,,27.45,8주 6일,1890,5,4,3,6,9,FALSE,1,8,6,3,4,3,4,836,2017-12-10,3,CD,732000,8,,,2.48,4.55,4.94,3.95,4.17,3.09
40,Perú,Matías Pichis,416567166,,,22.107,8주 1일,9440,6,1,7,7,8,FALSE,1,10,8,2,4,4,6,1002,2017-12-13,5,CD,1524000,4,,,3.72,7.84,9,6.65,7.55,4.99
41,Deutschland,Reinold Kisch,413993877,,,23.111,8주 2일,2050,5,2,5,7,8,FALSE,1,8,6,2,4,5,3,799,2017-12-13,3,CD,516000,9,,,2.97,5.6,6.27,4.78,5.3,4.34
45,Bulgaria,Ivan Petkov,430624598,,,18.75,5주 2일,13170,7,2,7,6,7,FALSE,10,3,1,1,1,1,7,1013,2017-12-10,4.5,KP,2148000,0,,,7.95,2.63,2.71,1.9,1.78,1.57
46,Hanguk,Soon-Chul Choi,432027113,Head,,17.80,4주 2일,450,3,1,6,5,20,TRUE,1,3,3,3,6,5,4,624,2017-12-10,4,FW,270000,0,,,2.36,3.45,3.45,3.66,3.73,4.45
48,Hanguk,Dong-Suk Lee,432205385,Technical,,18.78,2주 2일,1000,6,1,6,5,20,TRUE,1,5,4,5,6,5,4,631,,,,290000,0,,,2.8,4.8,4.69,4.65,4.48,4.87
50,Hanguk,Kyoo-Chul Choi,433150974,,,17.26,3일,320,6,1,6,5,20,TRUE,1,4,3,6,4,4,2,606,,,,250000,0,,,2.58,4.33,3.92,4.14,3.64,4.17
99,Hanguk,Je-Min Jung,427619232,,,42.33,1시즌 15주 3일,0,3,8,2,1,20,TRUE,0,0,0,0,0,0,0,240,,,,250000,0,,,0.82,0.82,0.82,0.82,0.82,0.82
