Number,Nat,Player,PlayerID,Special,Stat,Age,Since,TSI,LS,XP,Fo,Stm,Lo,MB,KP,DF,PM,WI,PS,SC,SP,Psico,Last,Rt,Pos,Wage,G,TC,PH,KPPos,WBPos,CDPos,WPos,IMPos,FWPos
2,Hanguk,Jee-Hoon Kim,428709461,,,20.63,1시즌 12주 0일,13570,3,2,7,7,20,TRUE,10,5,1,1,1,2,8,1021,2018-01-14,5.5,KP,1850000,0,,,9.86,4.91,5.08,3.42,3.21,3.13
3,Hanguk,Eun-Seok Hong,427619235,,,30.88,2시즌 4주 0일,350,5,5,5,6,20,TRUE,1,6,6,3,2,2,7,611,2018-01-14,3.5,CD,300000,8,,,3.74,6.02,6.47,5.7,6.05,4.42
4,Hanguk,Ji-Woon Lee,427619236,,,20.104,2시즌 4주 0일,1130,5,2,6,7,20,TRUE,1,7,4,3,5,2,7,728,2018-01-10,4.5,CD,390000,9,,,4,6.42,6.7,5.46,5.42,4.41
5,Hanguk,Jang-Soo Choi,427619237,Quick,,32.38,2시즌 4주 0일,110,5,5,6,6,20,TRUE,1,6,4,4,2,1,10,590,2018-01-10,3.5,CD,270000,3,,,4.03,6.27,6.34,5.46,5.25,4.02
6,Hanguk,Jae-Shin Cha,427619238,,,28.85,2시즌 4주 0일,1060,5,5,6,7,20,TRUE,1,7,3,6,3,2,10,755,2018-01-14,4.5,WB,390000,8,,,4.45,7.16,6.82,5.84,5.05,4.64
7,Hanguk,In-Moo Byon,427619239,,Inj 6,33.73,2시즌 4주 0일,110,1,6,7,5,20,TRUE,2,6,5,5,5,2,6,590,2018-01-14,4.5,WB,290000,5,,,4.89,6.96,7,6.62,6.47,5.4
8,Hanguk,Hong-Chan Son,427619240,,Y×1,23.33,2시즌 4주 0일,1030,5,3,5,8,20,TRUE,1,5,6,5,5,1,8,615,2018-01-10,3.5,WB,310000,1,,,3.48,5.98,6.1,6.21,6.27,4.69
9,Hanguk,Hoi-Taek Park,427619241,Unpredictable,,21.40,2시즌 4주 0일,1320,2,3,7,7,20,TRUE,1,5,6,3,6,3,10,639,2018-01-10,4.5,IM,330000,10,,,4.05,6.59,7.09,6.91,7.46,6.16
10,Hanguk,Kwang-Eul Jeon,427619242,,,25.39,2시즌 4주 0일,1530,4,4,6,7,20,TRUE,1,6,7,3,3,2,9,759,2018-01-14,4.5,IM,430000,6,,,4.18,7.01,7.65,6.97,7.58,5.37
11,Hanguk,Kwang-Hwan Yun,427619243,,,28.6,2시즌 4주 0일,730,6,4,6,7,20,TRUE,2,5,6,3,5,2,9,615,2018-01-14,3.5,W,330000,10,,,4.45,6.16,6.62,6.37,6.84,5.27
12,Hanguk,Chan-Myung Lee,427619244,,,27.15,2시즌 4주 0일,1040,3,4,7,7,20,TRUE,1,3,7,3,4,3,8,751,2018-01-10,4.5,IM,410000,8,,,3.64,5.84,6.4,7,7.88,6.26
13,Hanguk,Sung-Kook Han,427619245,Technical,,23.3,2시즌 4주 0일,1290,2,3,5,8,20,TRUE,1,5,6,6,5,2,9,614,2018-01-10,4,W,330000,10,,,3.48,6.13,6.09,6.37,6.3,5.12
14,Hanguk,Se-Jong Cho,427619246,,,30.3,2시즌 4주 0일,580,4,5,6,6,20,TRUE,1,5,5,6,3,4,8,604,2018-01-10,4,WB,280000,18,,,3.92,6.52,6.36,6.38,6.16,5.83
15,Hanguk,Man-Ok Lee,427619247,Unpredictable,Y×1,24.56,2시즌 4주 0일,2000,5,4,5,8,20,TRUE,1,5,5,7,6,2,9,764,2018-01-10,4.5,W,350000,13,,,3.62,6.24,5.92,6.34,5.91,5.25
16,Hanguk,Dong-Shik Kim,427619248,,Y×1,20.50,2시즌 4주 0일,1650,6,2,7,7,20,TRUE,1,3,3,6,4,7,10,774,2018-01-10,6,FW,410000,21,,,3.29,5.18,4.63,5.31,4.87,6.7
17,Hanguk,Seung-Mee Kim,427619249,Unpredictable,,35.101,2시즌 4주 0일,20,2,6,7,5,20,TRUE,1,2,3,3,3,5,7,490,2018-01-14,4,FW,270000,22,,,3.16,4.09,4.06,4.42,4.54,5.25
18,Hanguk,Kwang-Rae Kim,427619250,Head,,28.10,2시즌 4주 0일,890,3,4,5,7,20,TRUE,1,2,5,3,6,6,7,614,2018-01-14,4.5,FW,310000,23,,,2.84,4.09,4.29,5.08,5.6,6.03
21,Belgium,Jitse Haes,428112207,,,33.8,1시즌 15주 0일,270,4,5,4,5,16,FALSE,2,6,6,5,5,2,7,590,2018-01-14,3.5,W,348000,2,,,3.31,5.11,5.24,5.04,5.07,3.92
23,Belgium,Mathias Piron,428125893,Technical,,33.89,1시즌 15주 0일,280,6,6,6,5,16,FALSE,2,6,5,5,5,2,9,590,2018-01-14,4,W,360000,5,,,4.09,6.08,6.11,5.75,5.61,4.59
25,Polska,Pylyp Nagorniak,406205227,,,28.50,1시즌 15주 0일,1940,5,3,7,7,16,FALSE,1,6,7,3,6,3,9,701,2018-01-14,4.5,IM,444000,5,,,3.57,6.53,7.2,6.75,7.44,5.64
31,Hanguk,Se-Hee Park,430626797,,,19.97,1시즌 3주 0일,1300,4,2,8,7,20,TRUE,1,2,5,5,3,7,8,717,2018-01-10,5,FW,390000,11,,,3.06,4.95,4.82,5.91,6.16,7.09
34,Sverige,Axel Hermansson,422526443,,Y×1,29.72,1시즌 6일,2030,5,5,7,6,12,FALSE,2,7,7,2,6,2,9,702,2018-01-10,4.5,IM,516000,8,,,4.56,6.94,7.82,6.77,7.56,5.21
38,Latvija,Artem Skurlatov,409641598,,,27.78,13주 3일,2490,5,4,5,6,11,FALSE,1,8,6,3,4,3,4,843,2018-01-10,4,CD,732000,8,,,3.31,6.02,6.52,5.23,5.52,4.1
40,Perú,Matías Pichis,416567166,,,23.28,12주 6일,8640,6,2,6,7,10,FALSE,1,10,8,2,4,4,6,1000,2018-01-14,4.5,CD,1764000,4,,,3.92,7.77,8.85,6.65,7.49,5.1
41,Deutschland,Reinold Kisch,413993877,,,24.32,12주 6일,1500,5,2,3,7,10,FALSE,1,8,6,2,4,5,3,798,2018-01-14,2.5,CD,588000,10,,,2.34,4.36,4.88,3.73,4.13,3.39
45,Bulgaria,Ivan Petkov,430624598,,,18.108,9주 6일,17870,7,2,7,7,9,FALSE,10,3,1,1,1,1,7,1099,2018-01-10,4.5,KP,2148000,0,,,8.13,2.75,2.83,2.02,1.9,1.68
48,Hanguk,Dong-Suk Lee,432205385,Technical,,18.111,6주 6일,910,6,1,5,5,20,TRUE,1,5,4,5,6,5,4,636,2017-12-24,4.5,FW,290000,0,,,2.56,4.39,4.28,4.25,4.09,4.45
52,Hanguk,Seong-Gong Choi,433454317,Unpredictable,Y×2,17.79,3주 1일,4610,4,1,6,5,20,TRUE,1,7,7,7,4,5,4,788,2018-01-14,4,WB,550000,0,,,3.38,6.78,6.78,6.56,6.49,5.73
55,Hanguk,Geun-Ho Han,433728993,,,18.81,1일,1770,3,1,6,5,20,TRUE,1,5,6,4,3,7,3,734,,,,410000,0,,,2.8,5.01,5.27,5.07,5.46,5.5
99,Hanguk,Je-Min Jung,427619232,,,42.66,2시즌 4주 0일,0,3,8,4,1,20,TRUE,0,0,0,0,0,0,0,440,,,,250000,0,,,1.2,1.2,1.2,1.2,1.2,1.2
